0 60 0 60
1 1
1 1
1 1
1 1
1 1
1 1
1 1
1 1
1 1
1 1
1 1
1 1
1 1
1 1
1 1
1 1
1 1
1 1
1 1
1 1
1 1
1 1
1 1
1 1
1 1
1 1
1 1
1 1
1 1
1 1
1 1
1 1
1 1
1 1
1 1
1 1
1 1
1 1
1 1
1 1
1 1
1 1
1 1
1 1
1 1
1 1
1 1
1 1
1 1
1 1
1 1
1 1
1 1
1 1
1 1
1 1
1 1
1 1
1 1
1 1
1 1
1 1
1 1
1 1
1 1
1 1
1 1
1 1
1 1
1 1
1 1
1 1
1 1
1 1
1 1
1 1
1 1
1 1
1 1
1 1
1 1
1 1
1 1
1 1
1 1
1 1
1 1
1 1
1 1
1 1
1 1
1 1
1 1
1 1
1 1
1 1
1 1
1 1
1 1
1 1
2 2
2 2
2 2
2 2
2 2
2 2
2 2
2 2
2 2
2 2
2 2
2 2
2 2
2 2
2 2
2 2
2 2
2 2
2 2
2 2
2 2
2 2
2 2
2 2
2 2
2 2
2 2
2 2
2 2
2 2
2 2
2 2
2 2
2 2
2 2
2 2
2 2
2 2
2 2
2 2
2 2
2 2
2 2
2 2
2 2
2 2
2 2
2 2
2 2
2 2
2 2
2 2
2 2
2 2
2 2
2 2
2 2
2 2
2 2
2 2
2 2
2 2
2 2
2 2
2 2
2 2
2 2
2 2
2 2
2 2
2 2
2 2
2 2
2 2
2 2
2 2
2 2
2 2
2 2
2 2
2 2
2 2
2 2
2 2
2 2
2 2
2 2
2 2
2 2
2 2
2 2
2 2
2 2
2 2
2 2
2 2
2 2
2 2
2 2
2 2
3 3
3 3
3 3
3 3
3 3
3 3
3 3
3 3
3 3
3 3
3 3
3 3
3 3
3 3
3 3
3 3
3 3
3 3
3 3
3 3
3 3
3 3
3 3
3 3
3 3
3 3
3 3
3 3
3 3
3 3
3 3
3 3
3 3
3 3
3 3
3 3
3 3
3 3
3 3
3 3
3 3
3 3
3 3
3 3
3 3
3 3
3 3
3 3
3 3
3 3
3 3
3 3
3 3
3 3
3 3
3 3
3 3
3 3
3 3
3 3
3 3
3 3
3 3
3 3
3 3
3 3
3 3
3 3
3 3
3 3
3 3
3 3
3 3
3 3
3 3
3 3
3 3
3 3
3 3
3 3
B 0 6 0 6
B 0 6 12 18
B 0 6 24 30
B 0 6 36 42
B 0 6 48 54
B 6 12 6 12
B 6 12 18 24
B 6 12 30 36
B 6 12 42 48
B 6 12 54 60
B 12 18 0 6
B 12 18 12 18
B 12 18 24 30
B 12 18 36 42
B 12 18 48 54
B 18 24 6 12
B 18 24 18 24
B 18 24 30 36
B 18 24 42 48
B 18 24 54 60
B 24 30 0 6
B 24 30 12 18
B 24 30 24 30
B 24 30 36 42
B 24 30 48 54
B 30 36 6 12
B 30 36 18 24
B 30 36 30 36
B 30 36 42 48
B 30 36 54 60
B 36 42 0 6
B 36 42 12 18
B 36 42 24 30
B 36 42 36 42
B 36 42 48 54
B 42 48 6 12
B 42 48 18 24
B 42 48 30 36
B 42 48 42 48
B 42 48 54 60
B 48 54 0 6
B 48 54 12 18
B 48 54 24 30
B 48 54 36 42
B 48 54 48 54
B 54 60 6 12
B 54 60 18 24
B 54 60 30 36
B 54 60 42 48
B 54 60 54 60
Net 3
122 1 0
236 0 1
Net 1
-1 45 1
104 2 1
179 0 1
Net 1
218 2 3
139 0 1
271 2 3
Net 1
262 0 2
38 1 0
26 0 0
91 0 0
Net 1
114 2 1
3 1 1
246 0 1
195 0 0
Net 4
237 2 0
71 1 1
Net 2
201 3 1
190 3 0
179 2 0
Net 3
8 1 1
97 1 1
1 0 1
Net 2
1 0 1
107 1 2
Net 1
98 1 1
10 0 1
42 0 0
Net 4
88 0 0
258 3 2
239 1 1
Net 4
80 1 1
157 2 1
Net 1
131 0 2
192 0 1
114 0 0
144 0 2
Net 1
247 1 0
100 0 1
108 1 2
279 2 2
Net 4
146 1 2
211 3 1
232 1 1
Net 3
138 0 0
274 1 0
Net 3
213 1 3
126 2 2
Net 1
251 1 3
164 1 0
Net 2
238 3 1
59 0 1
74 0 0
115 2 1
Net 1
15 0 1
9 0 1
Net 2
132 0 1
50 1 0
102 0 2
Net 4
162 2 2
206 2 2
279 3 2
58 0 0
Net 3
201 1 0
149 0 1
54 0 0
Net 1
10 1 1
137 1 1
13 1 1
79 0 0
Net 2
149 1 2
35 0 1
27 1 0
Net 2
229 2 2
63 0 1
Net 3
17 1 1
46 0 0
Net 3
32 0 0
14 1 0
233 3 1
Net 3
22 1 0
49 1 0
Net 1
11 0 1
34 0 1
50 0 0
93 1 0
Net 2
-1 21 0
99 1 1
279 0 1
Net 1
41 1 1
261 1 2
65 1 0
Net 1
276 3 0
237 3 2
237 3 1
Net 3
125 1 0
234 2 1
Net 2
100 1 0
98 0 1
Net 3
213 2 2
262 0 2
216 1 1
137 2 0
Net 1
47 0 1
148 2 0
195 3 3
Net 4
0 0 1
95 1 0
Net 3
196 3 3
113 2 2
193 1 2
131 2 2
Net 3
181 3 3
189 2 1
166 0 0
182 2 2
Net 1
42 0 1
105 1 2
179 2 2
133 2 2
Net 2
89 0 1
73 1 0
98 1 0
Net 4
61 1 0
67 1 0
121 2 2
103 2 1
Net 4
46 0 1
74 1 1
222 2 2
36 0 0
Net 1
231 1 3
185 0 0
Net 1
140 1 0
191 0 3
Net 1
217 1 0
45 1 1
Net 4
243 3 3
123 1 2
138 1 1
Net 3
-1 44 1
107 0 2
Net 4
57 0 0
66 0 1
Net 2
180 3 0
164 1 0
250 2 1
Net 3
-1 32 1
145 1 1
183 1 2
200 0 0
Net 1
-1 34 0
92 0 1
Net 1
180 1 3
151 2 2
113 0 2
Net 1
250 2 2
68 0 0
124 1 0
77 1 0
Net 1
-1 35 0
268 3 0
Net 2
277 0 0
47 1 0
201 3 3
Net 4
20 0 1
144 2 2
191 3 1
Net 3
230 3 0
6 1 1
Net 2
277 1 0
162 1 2
17 0 1
220 2 1
Net 4
8 0 1
1 0 0
70 0 0
162 2 1
Net 2
72 1 0
256 1 0
91 0 0
180 2 0
Net 2
145 1 2
200 3 1
87 1 0
Net 2
96 0 0
257 0 1
Net 4
159 2 2
134 0 1
Net 3
189 3 1
222 0 1
136 2 0
56 0 0
Net 1
122 2 1
247 0 3
221 3 3
213 1 0
Net 4
235 1 1
156 2 0
209 0 0
56 0 0
Net 3
264 3 1
123 0 1
Net 4
154 1 1
190 1 2
180 0 0
Net 3
203 2 0
116 1 1
232 0 0
241 0 3
Net 3
60 1 0
249 1 3
131 1 1
Net 3
142 0 1
274 2 3
Net 3
126 2 1
18 1 1
50 0 1
84 0 0
Net 3
21 0 0
198 0 2
Net 3
79 0 1
22 0 1
Net 4
148 0 0
46 1 1
95 1 1
116 2 2
Net 3
60 0 1
74 1 1
Net 4
238 3 2
19 0 1
175 2 1
Net 3
35 0 0
198 0 3
28 0 1
192 2 2
Net 2
5 0 1
197 3 2
11 0 1
Net 3
104 1 0
195 2 1
187 0 2
270 0 0
Net 3
4 0 0
271 3 0
226 0 3
Net 2
158 0 1
2 1 1
Net 4
156 2 2
142 0 1
Net 4
126 1 2
2 1 1
Net 3
-1 1 1
150 1 0
Net 1
211 2 0
6 0 0
Net 1
264 0 2
15 0 0
Net 2
99 1 0
95 1 0
8 1 0
79 0 0
Net 1
152 2 1
28 1 0
199 2 3
Net 2
273 2 1
31 1 0
Net 1
226 0 1
273 3 1
Net 4
87 1 0
100 0 2
2 1 0
49 1 1
Net 1
177 0 0
70 0 1
236 0 0
Net 2
235 0 3
52 0 0
26 0 0
Net 3
-1 16 0
115 1 2
225 1 2
87 0 0
Net 2
-1 47 0
17 1 1
252 0 2
Net 1
51 0 1
221 2 1
Net 3
49 1 1
14 1 1
Net 3
270 1 0
89 0 0
220 3 0
Net 3
263 2 0
274 0 2
3 0 1
Net 4
220 2 1
121 2 2
Net 1
180 0 1
20 0 0
188 3 0
264 2 2
Net 1
79 1 0
144 0 2
80 0 0
Net 2
-1 36 0
177 2 0
273 3 1
29 0 1
Net 1
258 2 2
154 2 1
205 1 1
Net 4
270 3 2
126 0 2
14 1 1
82 0 1
Net 4
65 0 1
71 0 1
29 1 0
Net 4
120 1 1
254 2 1
128 2 2
46 0 0
Net 2
-1 16 0
183 3 1
277 2 0
70 0 1
Net 2
193 2 1
65 0 1
79 1 1
Net 4
117 2 1
98 0 1
146 1 2
Net 4
35 1 1
120 1 1
145 2 1
Net 3
25 0 1
168 1 2
78 1 1
233 1 1
Net 1
183 2 2
181 1 1
270 2 1
278 3 2
Net 2
167 0 2
251 2 2
Net 3
164 2 0
129 1 2
270 1 1
Net 1
21 1 0
150 0 0
Net 2
226 0 2
38 1 1
156 1 1
Net 3
81 1 1
155 0 1
188 2 1
239 3 2
Net 4
211 3 2
183 1 2
114 1 1
Net 4
256 2 0
115 2 2
216 3 0
79 1 0
Net 1
6 0 0
83 1 1
209 0 0
119 2 2
Net 1
27 0 1
75 1 1
106 0 1
Net 3
89 1 0
87 1 0
127 1 0
Net 3
6 1 0
263 0 3
212 3 1
119 0 2
Net 3
104 0 1
270 3 3
242 2 2
Net 1
27 1 0
106 1 2
264 1 0
Net 1
265 0 1
72 1 1
29 1 1
63 1 1
Net 3
172 2 0
57 0 0
225 1 0
Net 2
77 1 0
28 1 1
189 3 2
258 1 1
Net 3
237 3 2
194 3 2
Net 2
-1 30 2
121 2 0
19 0 1
Net 1
127 1 0
43 1 1
140 0 0
Net 1
263 0 3
119 0 0
31 1 0
193 0 1
Net 2
102 1 2
71 1 1
Net 3
-1 2 1
255 3 3
Net 2
-1 43 3
209 0 3
113 2 0
Net 3
83 1 0
57 1 1
129 1 2
Net 4
15 0 0
155 1 0
23 1 0
118 2 0
Net 2
241 2 2
122 2 1
34 1 1
Net 3
156 0 1
27 1 1
Net 3
-1 17 1
258 0 3
Net 2
89 0 0
239 2 1
65 0 1
229 1 1
Net 2
53 0 1
161 0 1
15 0 1
173 2 2
Net 1
133 2 1
60 0 1
Net 2
64 0 0
158 2 1
128 2 2
125 1 0
Net 2
-1 39 0
110 1 2
26 0 1
Net 3
146 1 2
200 2 2
Net 3
-1 59 2
140 0 0
266 2 2
Net 4
65 1 1
53 1 1
Net 2
154 2 2
145 2 2
212 1 2
198 2 1
Net 3
85 0 1
63 1 0
74 1 1
Net 4
62 0 0
111 1 0
Net 4
167 1 0
78 0 0
27 0 0
Net 1
271 0 0
123 2 0
Net 4
117 0 1
264 3 2
51 0 1
238 2 1
Net 3
112 1 2
80 1 0
Net 2
-1 54 0
23 1 1
272 3 2
152 2 2
Net 4
-1 19 2
40 1 0
158 2 0
142 0 2
Net 3
-1 56 2
130 0 0
25 1 1
18 1 1
Net 3
57 0 0
266 1 2
Net 3
273 0 2
200 2 0
Net 2
13 0 0
15 0 0
74 0 1
156 1 2
Net 1
6 1 0
216 1 1
Net 1
278 3 3
42 0 1
63 0 0
Net 2
-1 4 0
196 2 0
192 0 0
269 3 2
Net 1
-1 57 2
126 1 2
Net 1
38 0 0
101 0 0
195 0 2
84 0 0
Net 4
143 0 1
202 2 3
170 2 0
220 2 2
Net 4
185 0 3
235 2 1
7 1 1
Net 2
103 2 2
97 1 1
232 2 3
140 0 1
Net 2
24 1 1
158 2 1
45 0 0
171 1 2
Net 1
90 1 1
223 2 0
173 0 2
232 3 3
Net 1
249 0 3
49 1 0
221 0 0
Net 4
-1 24 0
82 0 0
259 3 1
Net 2
200 2 3
159 2 2
0 1 0
Net 1
15 0 0
236 0 1
67 1 1
Net 4
37 0 1
99 1 1
Net 2
112 0 1
243 3 2
64 0 0
237 3 2
Net 1
37 1 0
225 2 3
159 2 2
192 3 0
Net 3
190 1 0
135 0 0
102 0 2
Net 1
119 0 1
6 1 1
262 0 0
129 1 2
Net 3
30 0 1
111 0 1
Net 4
266 1 1
54 0 1
229 1 1
Net 4
45 1 1
257 2 1
45 0 1
68 0 1
Net 4
124 2 2
105 1 0
258 1 2
262 2 3
Net 4
48 0 1
118 1 0
Net 4
256 0 3
183 0 1
Net 3
20 1 0
192 3 1
82 1 1
241 1 1
Net 4
270 3 3
275 2 3
20 0 0
224 1 0
Net 2
206 0 1
111 1 2
228 3 2
252 0 3
Net 2
136 0 2
195 2 2
31 0 1
Net 4
119 2 1
187 2 2
196 1 2
Net 1
210 1 2
257 2 2
Net 3
170 2 0
20 1 1
97 0 1
24 1 1
Net 3
208 2 2
118 1 2
Net 1
26 1 1
124 0 0
Net 1
27 1 0
152 2 0
55 1 0
246 3 1
Net 4
85 1 0
97 1 0
Net 3
177 2 1
240 0 3
49 1 0
Net 4
6 0 0
33 1 1
30 0 0
65 0 0
Net 1
124 1 1
55 0 0
219 2 0
Net 3
120 0 1
256 1 1
120 1 1
Net 1
118 0 1
170 2 0
232 2 0
Net 2
25 0 1
202 2 1
Net 2
36 0 1
53 1 0
Net 4
53 1 0
214 0 0
Net 2
186 1 3
273 2 3
22 0 1
Net 4
171 1 1
213 3 1
225 2 0
109 1 2
Net 1
212 3 2
131 0 2
Net 3
106 0 2
223 0 0
191 3 2
10 0 1
Net 4
8 1 0
242 3 0
Net 1
130 0 0
217 1 2
118 1 1
Net 1
88 0 0
134 2 2
123 2 0
Net 3
45 1 0
141 2 0
208 3 0
Net 1
222 3 0
80 1 0
Net 4
1 0 0
63 0 0
31 0 1
Net 3
72 0 0
10 0 0
Net 3
-1 8 0
129 1 2
157 1 2
Net 2
11 0 0
129 1 1
238 2 2
Net 4
278 1 1
92 1 1
Net 4
119 1 0
260 0 2
20 1 0
213 1 3
Net 3
94 0 1
140 0 2
Net 4
156 1 0
139 1 0
109 1 2
Net 3
133 1 2
169 0 0
208 1 2
Net 3
89 0 1
232 3 1
108 1 1
7 1 1
Net 2
86 1 1
143 2 2
154 2 1
Net 3
225 0 2
244 2 2
43 0 1
28 0 1
Net 4
124 1 2
158 0 0
94 0 0
Net 4
40 1 0
199 2 3
137 2 0
147 0 2
Net 1
270 0 2
271 1 1
217 3 1
166 0 0
Net 1
132 2 1
143 2 0
226 1 1
87 0 0
Net 3
203 3 3
165 0 2
Net 3
192 1 1
205 2 2
29 0 0
Net 3
29 1 0
138 2 2
36 0 1
Net 4
31 1 0
31 1 1
191 3 1
45 1 1
Net 4
15 1 1
244 2 2
Net 3
8 1 1
228 1 1
222 0 2
Net 4
78 1 1
195 0 2
Net 3
-1 11 2
245 3 3
192 1 1
21 0 1
Net 3
63 1 0
271 3 3
Net 4
278 1 1
90 1 1
Net 2
56 1 0
23 1 0
276 2 2
Net 3
187 0 3
211 0 2
Net 3
224 1 0
249 3 0
Net 1
-1 41 0
77 0 0
39 0 1
Net 2
18 1 0
231 3 2
155 2 1
Net 3
-1 49 1
161 0 1
230 2 1
Net 3
236 0 1
31 1 1
228 0 1
Net 4
162 0 0
120 2 1
148 0 0
Net 2
30 1 1
211 3 0
Net 3
103 1 2
14 0 1
Net 1
128 2 1
60 0 1
197 1 3
30 0 0
Net 1
173 0 2
238 2 1
Net 3
48 0 0
229 0 0
117 1 1
278 1 1
Net 4
114 0 1
272 1 2
135 1 1
Net 2
239 3 3
83 1 1
Net 2
62 0 1
119 2 1
Net 1
-1 2 1
37 0 0
6 0 0
Net 1
121 0 1
200 0 1
199 0 3
Net 4
85 1 0
173 0 2
101 2 1
143 2 2
Net 2
67 1 0
11 0 1
65 0 0
Net 4
130 1 0
271 0 1
123 2 0
159 0 2
Net 4
-1 23 2
106 0 0
Net 2
1 1 1
81 1 0
232 1 0
Net 4
251 2 2
272 2 1
115 0 2
100 1 1
Net 4
110 1 0
95 1 0
Net 3
168 2 1
168 1 2
Net 4
169 0 0
35 1 0
Net 4
266 3 0
153 1 0
242 0 2
61 1 1
Net 2
206 0 1
41 1 0
119 1 1
179 1 1
Net 2
249 2 2
69 1 1
208 2 3
Net 3
149 1 0
137 0 0
218 0 1
Net 4
3 0 0
95 1 0
Net 3
180 1 3
139 2 1
198 3 0
Net 2
155 0 0
5 0 1
Net 3
185 3 0
31 0 1
73 0 1
17 0 0
Net 2
58 1 1
51 0 0
87 1 0
Net 3
265 1 0
159 1 0
235 1 1
126 0 2
Net 2
194 1 0
240 0 1
45 1 0
63 0 1
Net 4
248 2 1
180 2 3
231 1 0
Net 1
233 1 0
158 2 1
154 0 0
139 0 2
Net 4
117 1 0
165 2 1
162 1 1
Net 2
77 1 0
253 0 3
173 0 1
Net 3
92 1 1
224 3 0
Net 4
251 1 0
250 3 0
Net 3
228 1 2
34 0 0
122 2 0
Net 2
51 0 1
179 1 0
187 2 2
75 1 1
Net 4
103 0 1
94 0 0
72 1 0
270 3 2
Net 3
66 1 0
237 2 0
220 1 2
130 2 2
Net 3
264 2 1
255 0 0
183 0 1
45 0 0
Net 4
227 2 3
237 0 2
270 0 3
Net 1
144 1 1
208 1 2
229 0 2
29 1 1
Net 3
30 0 0
246 3 0
38 1 0
168 2 0
Net 4
95 0 1
259 0 0
145 2 2
Net 4
46 1 0
276 0 0
Net 3
62 0 0
203 0 3
Net 4
94 1 1
110 0 0
142 1 2
