0 60 0 60
1 1
1 1
1 1
1 1
1 1
1 1
1 1
1 1
1 1
1 1
1 1
1 1
1 1
1 1
1 1
1 1
1 1
1 1
1 1
1 1
1 1
1 1
1 1
1 1
1 1
1 1
1 1
1 1
1 1
1 1
1 1
1 1
1 1
1 1
1 1
1 1
1 1
1 1
1 1
1 1
1 1
1 1
1 1
1 1
1 1
1 1
1 1
1 1
1 1
1 1
1 1
1 1
1 1
1 1
1 1
1 1
1 1
1 1
1 1
1 1
1 1
1 1
1 1
1 1
1 1
1 1
1 1
1 1
1 1
1 1
1 1
1 1
1 1
1 1
1 1
1 1
1 1
1 1
1 1
1 1
1 1
1 1
1 1
1 1
1 1
1 1
1 1
1 1
1 1
1 1
1 1
1 1
1 1
1 1
1 1
1 1
1 1
1 1
1 1
1 1
2 2
2 2
2 2
2 2
2 2
2 2
2 2
2 2
2 2
2 2
2 2
2 2
2 2
2 2
2 2
2 2
2 2
2 2
2 2
2 2
2 2
2 2
2 2
2 2
2 2
2 2
2 2
2 2
2 2
2 2
2 2
2 2
2 2
2 2
2 2
2 2
2 2
2 2
2 2
2 2
2 2
2 2
2 2
2 2
2 2
2 2
2 2
2 2
2 2
2 2
2 2
2 2
2 2
2 2
2 2
2 2
2 2
2 2
2 2
2 2
2 2
2 2
2 2
2 2
2 2
2 2
2 2
2 2
2 2
2 2
2 2
2 2
2 2
2 2
2 2
2 2
2 2
2 2
2 2
2 2
2 2
2 2
2 2
2 2
2 2
2 2
2 2
2 2
2 2
2 2
2 2
2 2
2 2
2 2
2 2
2 2
2 2
2 2
2 2
2 2
3 3
3 3
3 3
3 3
3 3
3 3
3 3
3 3
3 3
3 3
3 3
3 3
3 3
3 3
3 3
3 3
3 3
3 3
3 3
3 3
3 3
3 3
3 3
3 3
3 3
3 3
3 3
3 3
3 3
3 3
3 3
3 3
3 3
3 3
3 3
3 3
3 3
3 3
3 3
3 3
3 3
3 3
3 3
3 3
3 3
3 3
3 3
3 3
3 3
3 3
3 3
3 3
3 3
3 3
3 3
3 3
3 3
3 3
3 3
3 3
3 3
3 3
3 3
3 3
3 3
3 3
3 3
3 3
3 3
3 3
3 3
3 3
3 3
3 3
3 3
3 3
3 3
3 3
3 3
3 3
B 0 6 0 6
B 0 6 12 18
B 0 6 24 30
B 0 6 36 42
B 0 6 48 54
B 6 12 6 12
B 6 12 18 24
B 6 12 30 36
B 6 12 42 48
B 6 12 54 60
B 12 18 0 6
B 12 18 12 18
B 12 18 24 30
B 12 18 36 42
B 12 18 48 54
B 18 24 6 12
B 18 24 18 24
B 18 24 30 36
B 18 24 42 48
B 18 24 54 60
B 24 30 0 6
B 24 30 12 18
B 24 30 24 30
B 24 30 36 42
B 24 30 48 54
B 30 36 6 12
B 30 36 18 24
B 30 36 30 36
B 30 36 42 48
B 30 36 54 60
B 36 42 0 6
B 36 42 12 18
B 36 42 24 30
B 36 42 36 42
B 36 42 48 54
B 42 48 6 12
B 42 48 18 24
B 42 48 30 36
B 42 48 42 48
B 42 48 54 60
B 48 54 0 6
B 48 54 12 18
B 48 54 24 30
B 48 54 36 42
B 48 54 48 54
B 54 60 6 12
B 54 60 18 24
B 54 60 30 36
B 54 60 42 48
B 54 60 54 60
Net 1
255 1 1
76 0 1
Net 4
103 2 2
156 2 0
124 1 2
Net 2
127 0 0
259 1 3
Net 3
269 1 2
114 1 0
Net 4
120 2 1
103 1 2
Net 2
238 0 3
238 0 2
Net 3
25 1 0
69 0 1
Net 4
195 3 2
198 0 1
220 3 1
Net 2
219 2 1
43 0 1
65 0 0
Net 1
160 0 1
50 0 0
Net 1
-1 14 0
0 0 0
75 1 1
95 0 1
Net 2
10 0 1
20 0 1
208 1 3
185 1 1
Net 2
229 2 1
76 0 1
Net 3
194 0 1
185 1 0
91 1 0
Net 3
257 0 1
52 1 1
Net 3
272 0 3
13 0 1
6 0 0
85 0 0
Net 3
98 0 1
166 0 2
Net 3
84 0 0
95 0 0
264 2 2
211 3 2
Net 1
122 2 0
128 0 2
155 0 0
238 2 2
Net 2
24 1 1
120 0 1
43 0 1
Net 2
260 3 2
237 1 1
Net 3
277 0 2
209 3 1
Net 4
-1 1 1
235 2 1
255 1 0
Net 4
-1 3 0
102 0 0
Net 4
-1 19 0
21 1 1
271 0 2
Net 1
234 3 0
189 1 1
Net 1
143 2 1
209 1 2
170 0 2
Net 1
63 0 1
151 2 1
113 2 1
Net 1
240 2 1
166 0 1
Net 1
164 0 0
110 2 1
267 3 0
Net 2
27 1 1
140 2 2
133 0 0
225 0 3
Net 3
87 0 0
189 2 0
193 0 3
60 1 0
Net 2
168 0 1
269 0 1
16 1 0
53 0 0
Net 1
94 1 0
254 1 2
Net 4
190 3 1
180 0 2
68 0 1
Net 3
27 1 0
24 0 0
Net 1
191 0 0
31 1 1
Net 3
44 0 1
186 0 3
136 1 0
225 3 0
Net 4
129 0 2
174 1 2
251 2 3
Net 4
137 0 1
73 0 0
36 0 0
Net 4
266 3 3
130 2 0
7 0 0
231 2 3
Net 3
77 0 1
71 1 0
Net 4
111 0 0
119 0 0
255 3 2
143 2 0
Net 2
117 2 1
209 2 3
146 1 2
Net 2
8 1 0
226 0 2
91 1 0
Net 2
175 0 0
96 1 0
236 0 2
59 1 1
Net 3
46 1 1
108 2 1
120 1 2
Net 3
198 0 3
66 0 1
3 0 0
Net 2
83 1 0
20 0 0
Net 2
32 0 1
60 0 1
21 1 0
10 1 1
Net 2
259 2 1
191 3 1
Net 1
219 3 3
261 0 3
181 0 0
Net 4
56 0 1
73 0 1
Net 3
271 1 3
36 0 0
Net 2
66 0 1
125 0 0
Net 2
265 2 3
189 2 1
133 1 1
Net 3
226 0 1
165 1 2
24 0 0
Net 2
226 2 0
240 3 3
262 0 1
225 1 3
Net 3
48 0 0
120 1 2
89 0 1
147 2 0
Net 2
256 0 2
252 0 1
275 2 1
56 1 0
Net 4
278 2 1
55 1 0
244 0 1
Net 2
97 1 1
149 0 2
Net 4
140 2 2
1 0 0
167 0 0
Net 1
174 0 0
278 1 2
Net 4
-1 51 2
159 0 2
104 2 1
173 1 1
Net 2
253 2 0
200 3 0
18 0 0
Net 4
32 0 0
87 0 1
238 3 2
Net 4
-1 28 2
11 0 1
Net 4
-1 46 1
103 1 2
Net 2
13 1 0
45 1 1
4 0 0
243 1 2
Net 3
104 0 2
238 3 0
89 1 0
255 0 3
Net 3
-1 47 3
81 0 0
210 1 1
Net 1
62 0 0
223 1 2
180 2 1
Net 4
137 1 1
29 1 0
43 1 0
222 2 2
Net 4
140 2 1
76 1 0
Net 3
160 1 2
149 2 1
Net 4
1 0 1
61 0 0
21 0 0
Net 4
235 1 3
149 1 0
Net 1
16 0 1
246 1 1
90 1 0
226 2 0
Net 2
85 0 1
131 0 2
Net 2
5 0 1
155 1 2
Net 1
139 2 0
92 0 1
Net 1
172 1 1
245 0 2
168 1 1
260 1 1
Net 3
226 1 2
25 1 0
244 0 1
40 0 1
Net 3
65 1 1
76 0 0
Net 3
100 2 1
57 1 0
Net 4
193 0 1
139 1 0
Net 1
-1 34 0
67 0 0
Net 1
42 1 0
116 0 0
42 1 0
95 0 1
Net 3
270 1 0
130 0 1
31 0 0
5 1 0
Net 2
33 1 1
148 0 2
Net 4
99 1 0
159 1 1
Net 4
115 0 2
228 3 1
182 1 2
51 0 1
Net 2
-1 20 1
273 1 3
78 1 0
131 0 2
Net 4
161 0 2
21 1 0
65 0 1
Net 3
232 3 3
104 2 0
124 1 1
Net 4
70 0 0
199 3 3
Net 1
149 1 2
217 3 2
Net 1
234 1 2
221 2 3
Net 2
-1 34 3
31 1 0
103 2 0
Net 4
23 1 1
21 0 0
84 0 1
Net 2
135 0 1
113 2 2
215 2 1
161 1 1
Net 2
-1 44 1
237 1 3
16 0 1
186 0 1
Net 4
26 1 0
23 0 1
Net 4
178 1 2
267 0 1
52 0 0
36 1 1
Net 1
97 1 0
82 0 1
73 0 0
Net 4
182 3 2
101 1 1
Net 2
54 1 0
65 1 1
200 1 2
190 2 1
Net 1
-1 10 1
268 0 2
220 2 0
163 0 2
Net 1
112 1 0
145 0 2
215 2 2
Net 1
3 1 0
168 1 2
278 2 2
52 0 0
Net 2
218 1 2
73 1 1
Net 3
108 0 0
154 1 2
Net 4
-1 33 2
65 1 0
131 0 1
9 0 1
Net 3
95 0 1
125 2 2
20 0 1
130 0 2
Net 1
66 1 0
139 2 2
235 2 1
Net 1
261 2 2
229 1 2
142 0 0
37 0 0
Net 1
-1 1 0
205 2 3
270 2 2
Net 2
255 1 2
118 1 0
Net 1
66 1 1
224 1 1
Net 4
23 1 1
84 1 0
Net 4
-1 40 0
128 2 2
Net 2
127 1 1
152 2 2
99 0 1
Net 1
243 0 3
94 0 0
151 1 1
71 0 1
Net 4
279 0 3
5 0 1
Net 4
68 1 1
13 1 0
Net 2
44 0 1
92 0 1
96 1 1
65 0 0
Net 4
230 2 1
267 2 1
Net 4
64 1 1
45 0 1
Net 3
275 1 1
158 0 0
215 2 3
168 0 2
Net 2
70 1 1
171 0 0
Net 4
10 0 0
127 0 0
220 1 3
Net 3
-1 26 3
59 1 0
100 0 1
Net 1
72 0 0
130 1 1
Net 2
37 1 0
215 3 1
108 1 0
159 1 1
Net 3
196 3 1
28 1 0
81 1 0
178 0 2
Net 2
235 1 1
267 0 0
240 1 3
Net 4
141 1 1
92 1 0
13 1 0
179 2 2
Net 4
196 0 1
12 1 0
73 0 0
113 1 1
Net 2
124 2 0
265 3 1
Net 3
178 2 2
113 2 2
35 0 1
Net 1
-1 23 1
13 0 1
76 0 0
Net 3
-1 46 0
147 0 2
221 2 0
Net 4
233 0 1
268 2 0
Net 1
26 0 0
134 1 0
190 3 2
138 1 1
Net 2
133 0 0
37 0 1
Net 4
252 3 0
224 3 1
107 1 1
155 2 0
Net 4
150 1 1
218 1 1
Net 1
248 0 1
70 1 0
27 1 1
259 3 2
Net 1
30 0 1
129 0 0
Net 4
271 2 3
216 3 1
Net 1
49 1 0
34 1 1
1 0 1
8 1 0
Net 4
118 0 2
267 3 2
129 0 1
228 3 0
Net 2
199 1 1
79 1 0
31 0 0
150 1 1
Net 1
248 2 2
151 2 2
97 1 1
Net 3
222 0 0
198 3 1
23 1 0
Net 2
-1 48 0
65 1 0
33 1 0
271 0 3
Net 2
188 3 3
83 1 0
Net 1
115 1 0
170 0 0
128 1 2
108 0 0
Net 1
-1 38 0
248 0 0
186 1 0
Net 2
32 1 0
88 1 1
96 0 0
193 2 2
Net 3
140 2 0
255 0 0
233 0 1
Net 2
22 1 1
106 2 2
50 1 1
237 0 3
Net 4
10 1 1
69 1 1
Net 1
185 3 3
258 1 1
192 3 0
244 1 3
Net 3
160 2 2
151 2 0
Net 2
240 3 2
183 3 0
238 0 3
269 2 0
Net 3
214 3 0
165 1 1
Net 1
59 1 0
11 0 0
190 2 1
Net 1
120 1 1
104 1 0
20 0 0
196 0 1
Net 1
188 2 0
140 2 2
Net 1
278 3 1
135 2 0
Net 4
232 0 1
100 0 2
Net 3
120 1 2
31 1 1
Net 4
57 1 1
108 1 2
Net 3
184 2 1
222 2 2
Net 4
251 1 0
230 1 1
23 0 1
Net 3
-1 8 1
78 0 1
233 1 3
Net 1
14 0 1
144 0 0
247 1 0
Net 1
169 1 2
81 1 0
232 2 3
33 0 0
Net 3
229 1 0
12 1 0
Net 3
71 1 1
247 3 0
245 0 2
267 1 0
Net 1
143 0 1
151 0 2
Net 2
57 0 0
101 1 0
235 3 3
Net 3
-1 19 3
110 1 0
Net 4
257 2 2
135 0 2
236 0 3
Net 2
-1 29 3
133 2 1
88 0 1
274 0 0
Net 1
248 3 2
17 0 1
279 0 2
Net 1
192 1 0
201 1 3
82 0 1
Net 1
118 0 0
238 0 2
36 1 1
Net 3
49 1 1
268 1 2
162 1 1
Net 3
102 1 2
209 1 2
150 0 2
92 1 1
Net 3
-1 0 1
30 0 0
91 0 0
Net 2
270 3 3
33 0 1
6 0 0
Net 4
47 0 1
160 0 2
182 3 3
195 1 1
Net 2
179 2 0
263 0 3
Net 3
147 1 1
221 3 1
166 2 1
Net 4
126 0 2
109 1 2
Net 4
258 0 1
10 1 0
Net 2
128 0 1
112 1 2
85 1 0
71 0 0
Net 2
114 0 0
40 1 0
64 1 0
Net 2
-1 28 0
130 2 0
Net 4
258 0 2
255 0 2
175 1 2
Net 3
146 1 2
273 2 1
250 2 3
Net 3
-1 28 3
89 1 0
219 0 2
207 3 2
Net 4
254 0 3
268 1 1
13 0 0
Net 4
194 3 3
52 1 1
193 3 1
Net 2
211 2 0
173 2 2
Net 4
54 1 0
200 1 1
210 0 1
191 2 0
Net 3
176 1 0
197 1 3
198 0 1
Net 4
224 1 2
182 3 1
28 1 0
121 0 2
Net 3
82 0 0
180 0 0
40 1 1
Net 4
244 2 0
271 3 1
89 1 0
Net 3
-1 35 0
278 0 1
259 1 0
91 0 0
Net 4
176 2 0
196 2 0
Net 3
241 3 0
226 3 3
88 1 0
223 1 0
Net 1
20 0 1
76 0 0
173 1 0
Net 2
121 2 2
81 0 1
1 1 0
Net 1
220 2 1
88 0 0
Net 3
185 3 3
59 0 1
97 1 0
225 3 3
Net 4
76 1 0
197 2 1
Net 2
190 3 2
193 1 1
156 0 2
27 0 1
Net 3
162 0 1
93 0 1
65 1 1
23 0 1
Net 2
132 1 0
242 2 3
279 2 2
192 1 0
Net 2
187 2 0
9 0 1
130 0 0
Net 2
46 1 1
278 2 0
64 0 1
Net 1
146 2 2
126 1 1
Net 2
158 1 0
51 0 0
13 1 1
Net 2
80 0 0
176 1 0
Net 4
173 0 2
128 1 0
35 0 0
56 0 0
Net 3
124 1 1
3 1 1
132 2 1
82 1 0
Net 2
224 0 3
47 0 1
Net 4
132 2 0
182 1 0
48 0 0
Net 4
247 1 0
216 0 0
0 1 1
203 2 3
Net 3
83 1 0
17 1 1
216 3 3
221 3 1
Net 4
157 0 0
153 1 1
185 2 1
Net 1
227 3 1
258 3 2
Net 1
270 0 2
57 1 1
Net 3
56 0 1
124 0 2
236 1 1
106 0 2
Net 2
94 1 1
52 0 1
Net 4
137 0 2
214 1 0
Net 3
231 2 2
98 0 1
79 0 0
Net 3
229 0 1
202 1 1
84 0 1
218 2 2
Net 2
14 0 0
4 1 0
262 3 1
Net 2
106 1 0
55 0 0
160 2 2
Net 2
12 1 1
110 1 0
Net 2
206 3 0
128 2 2
Net 2
103 0 0
218 0 2
278 1 3
Net 4
-1 15 3
147 0 1
172 0 1
82 1 1
Net 2
199 2 3
278 1 2
183 1 0
143 0 0
Net 1
-1 3 0
55 0 1
Net 1
196 2 1
119 1 1
242 1 2
Net 2
166 0 1
167 0 1
102 0 1
Net 2
89 1 0
80 1 1
Net 4
104 1 0
243 2 2
Net 2
229 1 0
60 0 1
187 2 0
Net 3
152 1 2
160 2 2
Net 4
205 0 3
111 0 0
97 1 0
Net 1
148 0 1
211 2 3
16 0 1
Net 1
76 0 1
248 0 1
Net 4
194 0 2
227 2 3
79 0 0
Net 1
105 2 0
13 0 1
Net 1
241 3 2
194 3 2
Net 1
230 1 0
252 0 2
275 0 0
98 0 0
Net 1
244 3 2
85 1 1
191 0 0
Net 2
23 1 1
158 1 0
118 2 1
Net 1
264 2 3
67 0 1
Net 4
2 0 0
231 3 0
279 0 3
266 3 2
Net 4
154 1 2
69 1 1
Net 1
271 0 2
197 0 1
61 0 1
Net 2
214 0 1
97 0 1
252 1 3
Net 4
124 1 1
241 0 2
108 0 2
218 1 2
Net 4
201 0 1
222 2 1
Net 4
4 1 1
99 1 0
67 1 1
Net 4
269 0 1
148 2 0
26 0 1
59 1 1
Net 1
182 1 2
257 1 2
182 1 1
87 0 0
Net 1
81 1 0
155 1 0
Net 2
2 0 1
171 1 0
Net 3
137 1 2
27 1 0
Net 1
272 0 2
176 2 1
200 0 0
Net 1
218 0 2
107 1 1
222 2 2
Net 3
28 0 1
254 2 1
237 2 1
Net 4
174 0 2
266 3 1
Net 2
167 0 1
256 3 0
Net 3
231 1 2
148 1 0
Net 3
199 0 2
222 2 1
162 1 2
Net 4
117 1 0
51 1 0
256 0 2
Net 1
258 3 3
207 1 0
Net 4
221 3 2
102 1 1
18 1 0
Net 4
156 1 2
149 1 2
111 2 0
Net 3
106 2 2
94 1 1
47 0 1
Net 2
-1 12 1
237 0 3
12 1 1
Net 3
96 0 1
230 3 2
214 0 0
126 1 2
Net 2
153 1 1
47 0 1
111 0 2
82 1 0
Net 3
206 1 1
34 1 1
212 2 1
216 0 0
Net 3
76 1 0
255 3 2
Net 3
-1 25 2
69 1 1
139 1 1
176 0 0
Net 1
110 2 1
30 1 0
208 0 2
Net 1
231 3 3
185 1 0
70 0 1
Net 2
59 0 1
138 0 2
