0 50 0 50
1 1
1 1
1 1
1 1
1 1
1 1
1 1
1 1
1 1
1 1
1 1
1 1
1 1
1 1
1 1
1 1
1 1
1 1
1 1
1 1
1 1
1 1
1 1
1 1
1 1
1 1
1 1
1 1
1 1
1 1
1 1
1 1
1 1
1 1
1 1
1 1
1 1
1 1
1 1
1 1
1 1
1 1
1 1
1 1
1 1
1 1
1 1
1 1
1 1
1 1
1 1
1 1
1 1
1 1
1 1
1 1
1 1
1 1
1 1
1 1
1 1
1 1
1 1
1 1
1 1
1 1
1 1
1 1
1 1
1 1
1 1
1 1
1 1
1 1
1 1
1 1
1 1
1 1
1 1
1 1
1 1
1 1
1 1
1 1
1 1
1 1
1 1
1 1
1 1
1 1
1 1
1 1
1 1
1 1
1 1
1 1
1 1
1 1
1 1
1 1
1 1
1 1
1 1
1 1
1 1
1 1
1 1
1 1
1 1
1 1
1 1
1 1
1 1
1 1
1 1
1 1
1 1
1 1
1 1
1 1
1 1
1 1
1 1
1 1
1 1
1 1
1 1
1 1
1 1
1 1
1 1
1 1
1 1
1 1
1 1
1 1
1 1
1 1
1 1
1 1
1 1
1 1
1 1
1 1
1 1
1 1
1 1
1 1
1 1
1 1
1 1
1 1
1 1
1 1
1 1
1 1
1 1
1 1
1 1
1 1
1 1
1 1
1 1
1 1
1 1
1 1
1 1
1 1
1 1
1 1
1 1
1 1
1 1
1 1
1 1
1 1
1 1
1 1
1 1
1 1
1 1
1 1
1 1
1 1
1 1
1 1
1 1
1 1
1 1
1 1
1 1
1 1
1 1
1 1
1 1
1 1
1 1
1 1
1 1
1 1
1 1
1 1
1 1
1 1
1 1
1 1
1 1
1 1
1 1
1 1
1 1
1 1
1 1
1 1
1 1
1 1
1 1
1 1
1 1
1 1
1 1
1 1
1 1
1 1
1 1
1 1
1 1
1 1
1 1
1 1
1 1
1 1
1 1
1 1
1 1
1 1
1 1
1 1
1 1
1 1
1 1
1 1
1 1
1 1
1 1
1 1
1 1
1 1
1 1
1 1
1 1
1 1
1 1
1 1
1 1
1 1
1 1
1 1
1 1
1 1
1 1
1 1
1 1
1 1
1 1
1 1
1 1
1 1
1 1
1 1
1 1
1 1
1 1
1 1
1 1
1 1
1 1
1 1
1 1
1 1
1 1
1 1
1 1
1 1
1 1
1 1
1 1
1 1
1 1
1 1
1 1
1 1
1 1
1 1
1 1
1 1
1 1
1 1
1 1
1 1
1 1
1 1
1 1
1 1
1 1
1 1
1 1
1 1
1 1
1 1
1 1
1 1
1 1
1 1
1 1
1 1
1 1
1 1
1 1
1 1
1 1
1 1
1 1
1 1
1 1
1 1
1 1
1 1
1 1
1 1
1 1
1 1
1 1
1 1
1 1
1 1
1 1
1 1
1 1
1 1
1 1
1 1
1 1
1 1
1 1
1 1
1 1
1 1
1 1
1 1
1 1
1 1
1 1
1 1
1 1
1 1
1 1
1 1
1 1
1 1
1 1
1 1
1 1
1 1
1 1
1 1
1 1
1 1
1 1
1 1
1 1
1 1
1 1
1 1
1 1
1 1
1 1
1 1
1 1
1 1
1 1
1 1
1 1
1 1
1 1
1 1
1 1
1 1
1 1
1 1
1 1
1 1
1 1
1 1
1 1
1 1
1 1
1 1
1 1
1 1
1 1
1 1
1 1
1 1
1 1
1 1
1 1
1 1
1 1
1 1
1 1
1 1
1 1
1 1
1 1
1 1
1 1
1 1
1 1
1 1
1 1
1 1
1 1
1 1
1 1
1 1
1 1
1 1
1 1
1 1
1 1
1 1
1 1
1 1
1 1
1 1
1 1
1 1
1 1
1 1
1 1
1 1
1 1
1 1
1 1
1 1
1 1
1 1
1 1
1 1
1 1
1 1
1 1
1 1
1 1
1 1
1 1
1 1
1 1
1 1
1 1
1 1
1 1
1 1
1 1
1 1
1 1
1 1
1 1
1 1
1 1
1 1
1 1
1 1
1 1
1 1
1 1
1 1
1 1
1 1
1 1
1 1
1 1
1 1
1 1
1 1
1 1
1 1
1 1
1 1
1 1
1 1
1 1
1 1
1 1
1 1
1 1
1 1
1 1
1 1
1 1
1 1
1 1
1 1
1 1
1 1
1 1
1 1
1 1
1 1
1 1
1 1
1 1
1 1
1 1
1 1
1 1
1 1
1 1
1 1
1 1
1 1
1 1
1 1
1 1
1 1
1 1
1 1
1 1
1 1
1 1
1 1
1 1
1 1
1 1
1 1
1 1
1 1
1 1
1 1
1 1
1 1
1 1
1 1
1 1
1 1
1 1
1 1
1 1
1 1
1 1
1 1
1 1
1 1
1 1
1 1
1 1
1 1
1 1
1 1
1 1
1 1
1 1
1 1
1 1
1 1
1 1
1 1
1 1
1 1
1 1
1 1
1 1
1 1
1 1
1 1
1 1
1 1
1 1
1 1
1 1
1 1
1 1
1 1
1 1
1 1
1 1
1 1
1 1
1 1
1 1
1 1
1 1
1 1
1 1
1 1
1 1
1 1
1 1
1 1
1 1
1 1
1 1
1 1
1 1
1 1
1 1
1 1
1 1
1 1
1 1
1 1
1 1
1 1
1 1
1 1
1 1
1 1
1 1
1 1
1 1
1 1
1 1
1 1
1 1
1 1
1 1
1 1
1 1
1 1
1 1
1 1
1 1
1 1
1 1
1 1
1 1
1 1
1 1
1 1
1 1
1 1
1 1
1 1
1 1
1 1
1 1
1 1
1 1
1 1
1 1
1 1
1 1
1 1
1 1
1 1
1 1
1 1
1 1
1 1
1 1
1 1
1 1
1 1
1 1
1 1
1 1
1 1
1 1
1 1
1 1
1 1
1 1
1 1
1 1
1 1
1 1
1 1
1 1
1 1
1 1
1 1
1 1
1 1
1 1
1 1
1 1
1 1
1 1
1 1
1 1
1 1
1 1
1 1
1 1
1 1
1 1
1 1
1 1
1 1
1 1
1 1
1 1
1 1
1 1
1 1
1 1
1 1
1 1
1 1
1 1
1 1
1 1
1 1
1 1
1 1
1 1
1 1
1 1
1 1
1 1
1 1
1 1
1 1
1 1
1 1
1 1
1 1
1 1
1 1
1 1
1 1
1 1
1 1
1 1
1 1
1 1
1 1
1 1
1 1
1 1
1 1
1 1
1 1
1 1
1 1
1 1
1 1
1 1
1 1
1 1
1 1
1 1
1 1
1 1
1 1
1 1
1 1
1 1
1 1
1 1
1 1
1 1
1 1
1 1
1 1
1 1
1 1
1 1
1 1
1 1
1 1
1 1
1 1
1 1
1 1
1 1
1 1
1 1
1 1
1 1
1 1
1 1
1 1
1 1
1 1
1 1
1 1
1 1
1 1
1 1
1 1
1 1
1 1
1 1
1 1
1 1
1 1
1 1
1 1
1 1
1 1
1 1
1 1
1 1
1 1
1 1
1 1
1 1
1 1
1 1
1 1
1 1
1 1
1 1
1 1
1 1
1 1
1 1
1 1
1 1
1 1
1 1
1 1
1 1
1 1
1 1
1 1
1 1
1 1
1 1
1 1
1 1
1 1
1 1
1 1
1 1
1 1
1 1
1 1
1 1
1 1
1 1
1 1
1 1
1 1
1 1
1 1
1 1
1 1
1 1
1 1
1 1
1 1
1 1
1 1
1 1
1 1
1 1
1 1
1 1
1 1
1 1
1 1
1 1
1 1
1 1
1 1
1 1
1 1
1 1
1 1
1 1
1 1
1 1
1 1
1 1
1 1
1 1
1 1
1 1
1 1
1 1
1 1
1 1
1 1
1 1
1 1
1 1
1 1
1 1
1 1
1 1
1 1
1 1
1 1
1 1
1 1
1 1
1 1
1 1
1 1
1 1
1 1
1 1
1 1
1 1
1 1
1 1
1 1
1 1
1 1
1 1
1 1
1 1
1 1
1 1
1 1
1 1
1 1
1 1
1 1
1 1
1 1
1 1
1 1
1 1
1 1
1 1
1 1
1 1
1 1
1 1
1 1
1 1
1 1
1 1
1 1
1 1
1 1
1 1
1 1
1 1
1 1
1 1
1 1
1 1
1 1
1 1
1 1
1 1
1 1
1 1
1 1
1 1
1 1
1 1
1 1
1 1
1 1
1 1
1 1
1 1
1 1
1 1
1 1
1 1
1 1
1 1
1 1
1 1
1 1
1 1
1 1
1 1
1 1
1 1
1 1
1 1
1 1
1 1
1 1
1 1
1 1
1 1
1 1
1 1
1 1
1 1
1 1
1 1
1 1
1 1
1 1
1 1
1 1
1 1
1 1
1 1
1 1
2 2
2 2
2 2
2 2
2 2
2 2
2 2
2 2
2 2
2 2
2 2
2 2
2 2
2 2
2 2
2 2
2 2
2 2
2 2
2 2
2 2
2 2
2 2
2 2
2 2
2 2
2 2
2 2
2 2
2 2
2 2
2 2
2 2
2 2
2 2
2 2
2 2
2 2
2 2
2 2
2 2
2 2
2 2
2 2
2 2
2 2
2 2
2 2
2 2
2 2
2 2
2 2
2 2
2 2
2 2
2 2
2 2
2 2
2 2
2 2
2 2
2 2
2 2
2 2
2 2
2 2
2 2
2 2
2 2
2 2
2 2
2 2
2 2
2 2
2 2
2 2
2 2
2 2
2 2
2 2
2 2
2 2
2 2
2 2
2 2
2 2
2 2
2 2
2 2
2 2
2 2
2 2
2 2
2 2
2 2
2 2
2 2
2 2
2 2
2 2
2 2
2 2
2 2
2 2
2 2
2 2
2 2
2 2
2 2
2 2
2 2
2 2
2 2
2 2
2 2
2 2
2 2
2 2
2 2
2 2
2 2
2 2
2 2
2 2
2 2
2 2
2 2
2 2
2 2
2 2
2 2
2 2
2 2
2 2
2 2
2 2
2 2
2 2
2 2
2 2
2 2
2 2
2 2
2 2
2 2
2 2
2 2
2 2
2 2
2 2
2 2
2 2
2 2
2 2
2 2
2 2
2 2
2 2
2 2
2 2
2 2
2 2
2 2
2 2
2 2
2 2
2 2
2 2
2 2
2 2
2 2
2 2
2 2
2 2
2 2
2 2
2 2
2 2
2 2
2 2
2 2
2 2
2 2
2 2
2 2
2 2
2 2
2 2
2 2
2 2
2 2
2 2
2 2
2 2
2 2
2 2
2 2
2 2
2 2
2 2
Net 1
104 1 0
941 1 1
741 1 0
66 1 1
Net 1
246 0 1
275 0 0
859 1 1
Net 3
482 0 1
988 0 0
1093 2 0
1186 0 2
Net 4
154 1 0
221 1 0
Net 1
423 1 0
118 0 1
719 1 0
Net 2
1053 2 1
184 1 0
Net 2
406 1 0
875 0 1
Net 1
983 0 1
106 1 0
496 1 1
127 0 0
Net 2
817 1 0
966 1 1
582 0 0
140 1 0
Net 4
991 1 1
1126 0 0
385 1 1
881 0 0
Net 2
410 0 1
379 1 1
497 0 0
Net 4
314 1 0
404 0 1
Net 4
750 0 1
1127 2 1
974 0 1
198 1 0
Net 1
115 1 1
342 0 0
322 1 0
988 0 0
Net 1
824 1 0
726 1 0
Net 2
596 1 1
469 1 0
427 1 0
542 0 0
Net 1
982 0 1
352 0 1
27 0 0
851 0 0
Net 2
234 1 0
1183 0 2
452 0 1
880 1 0
Net 3
406 1 0
188 1 0
Net 1
23 1 0
745 0 0
34 0 0
268 1 0
Net 4
597 0 1
280 0 1
586 0 1
992 1 1
Net 1
425 1 1
449 0 1
Net 3
778 0 1
434 1 0
Net 3
951 1 0
1097 2 2
528 0 1
Net 2
628 0 1
623 0 0
Net 3
580 0 1
895 0 0
462 0 1
1016 0 0
Net 1
336 1 0
132 1 0
39 0 1
Net 1
676 1 0
1016 0 2
396 0 1
444 0 1
Net 3
178 1 0
605 1 1
Net 2
511 0 1
538 1 1
51 1 1
Net 4
26 1 1
965 1 1
546 1 1
349 0 1
Net 4
1195 0 2
670 0 0
1181 0 0
Net 4
96 0 1
933 1 0
Net 4
655 1 0
224 1 1
1093 0 0
Net 3
202 1 1
1026 0 0
Net 3
520 1 0
190 1 1
298 1 0
Net 3
993 0 1
733 0 1
512 0 0
Net 3
1050 1 0
940 1 1
Net 1
512 0 1
133 1 0
676 1 1
1172 0 2
Net 2
411 0 0
732 1 0
Net 3
858 1 1
462 1 0
882 1 0
Net 3
31 1 0
471 1 1
Net 2
617 1 1
974 0 0
106 1 1
802 1 0
Net 2
61 1 1
282 1 0
544 0 0
Net 4
90 0 1
596 1 1
Net 2
168 1 1
64 0 0
475 0 1
Net 4
260 1 1
27 1 0
Net 1
510 0 0
998 0 0
441 0 0
Net 1
186 0 1
47 1 1
Net 4
627 1 0
793 1 1
Net 3
356 0 0
987 1 0
145 1 1
Net 2
15 1 0
553 0 0
Net 3
443 1 1
1020 0 0
Net 1
745 1 1
945 1 0
1022 0 2
936 1 0
Net 4
1170 0 1
980 0 0
474 0 1
Net 3
1182 0 1
58 0 1
803 1 0
Net 2
756 1 0
227 1 1
Net 4
955 1 0
39 1 0
1091 1 2
Net 4
867 1 0
250 0 0
519 1 1
Net 1
1057 0 2
413 0 1
818 1 0
Net 2
1032 0 1
670 0 0
342 1 0
Net 2
208 1 1
326 1 0
531 1 1
Net 1
1084 1 2
187 1 1
881 1 0
Net 2
414 1 0
481 1 0
Net 2
1019 2 1
744 0 1
528 0 0
Net 2
635 0 0
191 1 1
798 1 0
1130 1 1
Net 1
483 1 1
1033 1 2
4 1 0
748 1 1
Net 1
1003 0 0
438 0 0
981 1 1
579 0 0
Net 2
1044 0 1
679 1 0
512 0 0
Net 1
348 0 1
1027 2 1
830 1 0
Net 2
316 0 0
1118 2 0
958 1 0
Net 3
11 0 1
1165 0 2
Net 1
691 0 1
1008 0 1
862 0 1
615 1 0
Net 4
907 1 0
616 1 1
Net 3
129 1 0
66 0 0
213 0 1
904 1 1
Net 1
321 1 1
705 0 1
911 1 1
618 1 1
Net 3
186 0 0
667 1 0
733 0 1
947 0 0
Net 4
753 0 0
227 1 0
84 1 1
Net 4
82 0 1
941 0 0
Net 4
1092 2 1
645 0 0
844 1 1
104 1 0
Net 3
427 1 0
165 1 1
1024 0 2
258 0 1
Net 4
1151 0 0
195 1 0
Net 1
1137 2 0
434 1 0
248 1 1
675 0 1
Net 1
884 0 1
150 0 0
613 1 1
Net 1
1127 1 1
885 0 1
1174 2 0
Net 1
29 1 0
1117 1 0
458 1 1
495 1 1
Net 2
759 0 1
422 0 1
701 1 1
386 1 0
Net 2
1095 2 0
1125 0 1
1042 2 2
Net 1
82 1 1
669 0 1
228 0 1
1002 2 0
Net 4
703 1 1
902 0 1
797 0 1
Net 3
957 0 1
941 1 1
175 0 1
Net 1
612 0 1
215 0 0
324 1 0
1027 2 0
Net 2
47 1 1
952 1 0
709 0 1
Net 3
231 0 1
338 0 0
Net 3
672 0 1
960 0 1
Net 3
1046 2 2
883 0 0
901 0 1
1181 1 2
Net 3
1148 0 0
904 1 0
16 0 1
Net 1
631 0 0
898 0 1
1096 2 1
Net 4
188 0 1
428 1 0
Net 2
1100 2 1
1020 1 0
715 0 1
Net 1
327 1 1
153 1 0
Net 1
860 1 1
168 1 1
Net 4
163 0 1
515 0 1
988 1 1
Net 2
59 0 0
714 1 0
Net 3
55 0 1
897 0 0
966 0 1
Net 4
579 0 0
44 1 0
747 0 1
Net 1
41 1 0
1008 1 2
Net 3
976 1 0
1081 1 1
Net 2
768 0 0
40 1 0
778 1 0
483 0 0
Net 3
237 0 0
917 0 0
Net 2
1096 1 2
136 0 0
Net 1
94 0 1
606 1 1
Net 2
1046 0 1
669 1 1
139 0 1
Net 2
321 1 1
1167 1 0
1194 2 0
596 1 1
Net 4
792 1 1
67 0 0
266 1 1
935 0 0
Net 3
423 0 1
744 1 0
1063 0 0
Net 2
798 0 0
1147 0 2
1091 0 0
1159 1 0
Net 2
402 0 1
880 0 0
455 0 1
Net 4
879 0 1
975 0 1
573 0 1
872 1 1
Net 4
192 0 0
1046 1 1
Net 1
650 1 0
212 0 0
443 0 0
Net 3
899 1 0
943 0 0
340 0 1
874 1 1
Net 3
31 0 1
158 1 1
1160 0 2
172 0 1
Net 4
1130 1 0
829 0 1
Net 1
996 1 0
1175 0 2
380 1 0
764 0 1
Net 3
350 1 1
607 1 1
257 1 0
187 0 1
Net 1
294 1 1
442 0 0
418 1 0
1150 2 2
Net 3
465 1 1
816 0 0
Net 4
304 0 0
886 1 1
37 0 0
Net 4
1053 1 0
991 0 0
Net 2
38 1 1
915 1 0
926 1 0
Net 4
53 1 1
1060 2 1
235 0 0
965 1 1
Net 3
1040 2 0
576 1 0
Net 4
1111 1 1
13 0 1
587 1 1
992 0 0
Net 1
555 1 1
179 0 1
533 1 0
Net 2
862 0 0
964 1 1
Net 4
163 0 1
440 1 1
Net 3
49 0 0
417 1 1
134 1 0
733 0 1
Net 1
588 0 1
544 0 0
536 1 1
1051 2 2
Net 1
754 0 1
1155 1 0
724 0 1
859 1 1
Net 1
1190 2 0
578 0 0
274 0 0
Net 3
1170 0 0
881 0 0
Net 4
642 0 0
849 1 0
872 0 1
Net 4
586 1 1
393 1 1
Net 4
718 1 0
1075 2 1
170 0 0
180 1 0
Net 3
559 0 1
663 0 1
1161 0 2
547 1 0
Net 1
726 1 1
244 1 1
119 0 0
Net 2
222 0 0
419 0 0
Net 3
1087 1 1
18 0 1
676 0 0
Net 1
607 0 0
422 0 1
910 0 1
Net 1
1128 2 2
937 1 0
827 1 0
Net 4
247 1 1
1032 0 0
Net 4
1172 0 0
838 1 1
Net 2
789 0 1
1120 2 2
226 0 1
480 1 0
Net 3
631 0 0
99 0 1
372 1 1
Net 1
122 0 1
373 1 0
Net 3
895 0 1
1024 0 1
1135 0 1
Net 3
349 1 1
915 0 1
1194 1 2
284 1 1
Net 3
1090 2 0
218 1 1
1113 0 2
Net 2
951 1 0
972 1 1
473 0 0
540 1 0
Net 3
289 0 1
934 0 1
Net 1
107 0 0
934 1 0
631 0 0
734 1 0
Net 3
420 1 1
548 1 0
1168 1 0
257 0 1
Net 4
1195 1 0
454 1 1
Net 1
1109 1 1
329 0 0
725 0 1
1145 1 2
Net 3
1178 1 2
818 0 0
Net 2
223 0 1
947 0 0
176 1 1
85 0 0
Net 3
980 0 1
23 1 1
299 1 0
629 0 0
Net 4
452 1 1
1027 2 0
774 0 1
Net 4
150 0 1
92 1 0
Net 1
687 0 0
480 1 0
592 1 0
Net 3
444 0 1
733 1 1
1062 1 0
Net 4
174 1 1
935 1 0
277 1 1
116 1 0
Net 1
790 1 0
1160 2 1
Net 1
8 1 1
215 1 1
254 0 0
780 1 0
Net 4
924 1 0
558 1 1
Net 1
244 0 1
34 0 0
Net 2
1192 2 2
268 0 1
Net 4
421 0 0
657 0 1
1173 1 2
Net 4
1044 1 0
6 1 0
861 0 0
Net 4
320 0 0
48 0 0
1127 2 2
Net 1
508 1 1
841 1 0
Net 1
676 0 1
267 0 1
275 1 1
662 0 0
Net 3
74 0 0
734 1 0
928 0 1
Net 1
1045 1 1
911 1 1
739 1 0
Net 3
363 0 0
134 0 1
876 0 1
Net 3
1186 2 2
492 0 0
Net 4
404 0 0
1006 1 0
543 1 1
Net 3
344 1 1
723 0 1
228 0 0
947 1 1
Net 2
441 1 0
1078 0 1
634 1 0
Net 1
666 0 0
271 0 1
967 1 1
Net 3
232 0 0
634 0 1
401 1 0
Net 4
854 1 0
799 1 1
429 1 0
247 1 0
Net 3
346 0 1
559 0 0
1143 1 0
Net 3
495 1 0
510 0 1
Net 1
1047 1 1
675 1 0
Net 4
697 0 1
375 0 1
716 1 1
Net 1
188 1 0
309 0 0
982 0 0
Net 4
1128 0 1
290 0 1
400 1 0
250 1 1
Net 2
36 1 0
73 1 1
614 0 1
923 1 1
Net 2
730 1 0
1010 1 0
100 0 0
Net 2
122 1 1
753 0 0
1141 0 2
Net 4
718 1 1
373 0 0
Net 4
485 1 1
458 1 1
749 1 1
Net 4
284 0 1
301 1 1
Net 3
88 1 0
231 1 1
1072 1 0
940 1 1
Net 2
410 1 1
757 0 1
Net 3
573 1 0
105 0 1
Net 1
254 1 1
654 0 0
Net 4
317 1 0
2 0 1
601 1 1
370 0 1
Net 4
605 1 0
239 0 0
813 0 1
219 1 0
Net 3
541 1 1
10 0 1
364 1 1
965 0 0
Net 1
647 1 1
53 0 1
292 0 0
Net 2
463 1 0
541 1 0
Net 3
339 0 1
1127 0 2
Net 1
388 0 0
1062 1 1
780 0 0
675 1 1
Net 2
1026 2 2
466 0 0
1026 1 2
Net 3
852 1 0
806 1 0
346 1 1
Net 1
53 0 1
971 0 0
584 1 0
Net 3
228 1 0
712 1 0
513 1 1
Net 2
691 1 1
112 1 0
Net 4
31 0 0
950 1 0
556 0 0
658 0 0
Net 3
310 1 1
478 0 0
428 0 1
Net 4
1118 2 0
673 0 1
Net 1
191 0 0
834 0 0
590 0 0
Net 1
884 0 0
639 0 0
767 0 0
18 0 0
Net 2
1017 2 2
534 0 0
1077 1 2
711 0 0
Net 2
265 1 1
1149 1 2
940 0 0
Net 4
942 0 0
224 1 0
Net 2
318 1 1
782 1 1
Net 2
565 1 0
275 0 1
349 1 1
688 1 1
Net 3
619 1 1
408 1 0
Net 1
881 0 0
84 0 1
911 1 0
Net 1
298 1 1
301 0 1
Net 1
24 1 1
475 1 0
956 1 0
556 1 1
Net 2
907 1 1
615 0 1
639 0 0
89 0 1
Net 3
460 1 1
485 0 1
112 1 1
Net 2
951 1 1
60 1 0
120 0 0
Net 4
601 0 1
543 1 1
Net 3
122 1 0
79 0 1
88 0 0
754 1 1
Net 2
332 0 0
265 0 0
755 1 1
Net 1
1017 1 1
1074 2 0
Net 1
200 0 0
811 0 1
99 0 0
Net 1
593 1 0
1195 0 0
Net 3
705 1 1
604 0 0
Net 3
953 1 1
710 1 1
Net 3
354 1 0
424 0 0
152 1 1
Net 3
83 0 1
1104 0 1
Net 2
889 1 1
302 1 1
911 1 0
Net 2
609 1 1
117 1 1
989 0 0
311 0 1
Net 3
240 1 0
743 0 0
784 0 1
1086 1 2
Net 2
957 0 1
718 1 0
Net 4
81 0 1
342 1 1
297 0 0
Net 3
261 1 1
201 1 1
Net 3
332 1 0
978 0 1
740 0 0
1108 1 0
Net 3
306 0 1
306 1 1
466 1 0
1079 1 0
Net 1
353 1 0
1037 1 0
Net 1
84 0 0
740 0 1
Net 3
1138 0 2
831 0 0
510 1 1
Net 3
160 0 1
785 1 0
114 0 0
847 0 0
Net 4
944 1 1
781 1 1
Net 4
956 1 0
1036 2 2
Net 4
642 1 0
967 1 1
279 1 1
Net 2
54 1 1
688 1 0
Net 4
1110 2 0
604 1 0
Net 1
842 0 0
834 0 0
Net 3
1025 2 0
976 0 1
Net 3
244 1 1
213 1 0
963 1 1
384 1 0
Net 2
247 1 0
336 1 0
676 1 1
501 0 1
Net 2
796 1 1
192 0 0
Net 2
118 0 1
1056 2 0
106 1 0
706 0 0
Net 3
178 0 0
225 1 0
1002 0 1
950 1 0
Net 3
666 1 0
784 1 1
Net 1
966 1 1
1084 0 2
115 1 1
Net 2
1028 2 1
218 1 0
Net 2
259 1 0
536 1 0
Net 3
93 0 0
521 0 1
667 0 0
Net 2
891 0 1
16 0 0
512 1 1
112 0 1
Net 4
38 1 1
112 0 1
205 0 0
Net 4
961 0 0
702 1 0
Net 2
759 0 0
117 0 1
4 1 1
Net 1
213 0 0
175 0 0
924 1 0
Net 3
266 0 0
600 0 1
824 1 1
Net 4
307 0 0
86 1 1
1189 2 0
Net 4
223 0 1
251 0 0
805 1 1
1071 1 0
Net 1
187 0 0
886 0 0
1193 0 2
79 1 1
Net 1
436 1 1
660 1 0
63 0 1
869 1 0
Net 1
1 0 1
540 1 1
226 1 1
571 1 1
Net 3
282 1 1
1071 0 2
883 0 1
946 0 0
Net 4
914 0 1
916 0 0
256 1 1
Net 4
511 0 0
810 1 1
Net 2
484 0 0
463 1 0
813 1 0
Net 2
659 0 1
186 0 1
Net 3
1035 1 1
477 1 0
561 1 1
932 0 1
Net 2
5 0 1
164 1 1
506 1 0
1166 0 1
Net 1
240 1 1
75 1 1
905 0 1
Net 3
1024 0 0
1087 0 0
244 0 0
408 0 1
Net 4
737 1 0
1132 2 0
172 0 0
Net 1
889 1 1
738 1 1
914 0 1
Net 2
1009 0 0
615 0 1
1130 1 0
Net 4
734 1 0
497 0 0
799 0 0
Net 2
1065 1 2
450 0 1
817 1 1
627 1 0
Net 3
705 1 1
747 0 0
633 0 0
282 0 0
Net 3
350 1 1
216 0 1
1018 2 1
636 0 0
Net 4
46 1 1
1104 2 0
Net 4
867 1 1
1095 2 0
Net 4
635 0 0
112 0 1
493 0 1
510 0 1
Net 1
565 0 1
1066 0 1
197 0 0
Net 1
417 1 0
708 1 0
495 1 0
Net 4
835 1 1
11 1 0
Net 3
27 1 1
808 0 0
Net 1
674 0 0
1029 1 2
407 0 0
739 0 1
Net 1
138 1 0
286 0 1
1190 1 1
Net 2
988 0 0
192 0 0
866 0 0
1047 0 2
Net 3
664 0 1
423 0 0
914 1 1
Net 1
388 0 1
1087 0 2
875 1 0
Net 4
1142 0 2
32 0 0
661 0 1
125 0 0
Net 2
39 1 0
160 1 0
900 1 1
787 0 0
Net 3
878 1 1
1172 2 2
4 0 0
Net 3
403 1 1
178 0 0
217 1 0
Net 2
156 1 1
565 1 0
Net 4
978 0 1
1143 0 1
889 1 0
Net 4
1159 2 1
856 0 1
Net 1
836 0 0
15 0 0
854 1 1
818 1 0
Net 1
913 0 1
657 1 0
411 0 1
Net 3
1178 0 0
555 1 0
191 1 1
Net 3
491 1 1
52 1 0
Net 1
777 0 0
271 1 1
583 0 1
Net 2
1171 2 0
730 0 1
Net 4
1029 1 1
217 1 1
Net 3
1020 2 0
104 0 1
432 1 0
493 1 0
Net 3
228 0 1
11 0 1
Net 1
40 1 1
1160 1 0
Net 2
959 0 0
577 0 0
704 1 0
1151 0 1
Net 4
473 0 1
782 1 1
Net 2
541 1 1
1014 2 0
Net 2
488 0 1
862 1 0
543 0 1
Net 2
467 0 0
1190 2 1
Net 4
11 1 0
747 0 1
680 0 1
Net 4
1079 1 0
212 0 1
Net 1
481 1 0
34 1 0
Net 4
619 1 1
1158 0 0
758 0 0
Net 1
956 1 1
522 0 1
Net 1
176 1 1
753 1 1
636 1 0
Net 3
475 0 0
428 0 1
534 1 1
Net 3
869 1 0
846 1 1
492 1 0
1020 2 2
Net 2
342 1 1
976 0 1
252 0 1
1032 2 2
Net 4
565 1 0
586 0 1
Net 2
1004 0 2
76 1 1
691 0 0
Net 3
557 0 0
869 0 0
Net 3
508 1 0
422 0 1
1142 2 1
Net 2
273 1 1
252 1 0
1091 0 1
863 1 0
Net 2
178 0 0
1064 2 1
373 1 1
1147 2 0
Net 2
1160 1 1
234 0 0
486 0 0
Net 2
1188 2 1
1067 2 0
Net 2
3 0 0
302 1 1
Net 4
157 0 1
906 0 0
1 0 1
71 0 1
Net 2
276 0 0
406 1 1
Net 2
43 1 0
855 1 1
Net 1
209 0 1
537 0 1
Net 4
702 0 1
202 1 1
80 1 1
702 1 0
Net 2
384 0 0
721 1 1
Net 1
42 0 0
1109 2 2
Net 2
596 1 1
1166 2 2
501 1 0
142 1 1
Net 1
992 0 1
1012 2 2
Net 1
225 0 0
179 0 1
629 1 1
26 0 0
Net 1
395 1 1
1107 0 0
752 1 1
545 1 1
Net 2
1114 1 0
139 0 1
670 0 0
Net 4
247 1 1
506 1 0
53 0 1
312 1 0
Net 1
975 1 0
532 1 1
Net 3
1092 0 0
1167 1 2
Net 2
1009 2 1
1134 2 1
Net 2
224 0 1
478 0 0
1178 1 1
Net 3
672 1 1
317 1 0
585 0 0
942 1 1
Net 4
897 0 0
655 1 0
Net 1
249 0 0
737 0 0
Net 4
80 1 0
189 0 0
36 0 0
Net 3
316 1 1
76 0 1
94 0 0
Net 1
978 0 0
74 1 0
1196 1 0
428 0 0
Net 3
794 0 0
750 0 0
1066 0 1
1142 1 2
Net 2
782 1 1
560 1 1
986 1 0
982 1 1
Net 3
221 0 0
167 0 0
918 0 1
784 1 1
Net 4
860 0 0
442 1 0
154 1 1
1140 0 0
Net 3
999 1 1
372 1 1
Net 1
393 0 0
1112 2 2
875 1 1
536 1 1
Net 3
529 1 0
379 1 0
304 0 1
Net 4
1010 1 0
617 0 0
163 0 1
75 0 1
Net 4
586 1 1
955 1 0
Net 2
1010 2 0
1014 0 1
288 0 1
98 0 1
Net 1
302 1 0
67 0 0
156 1 0
Net 3
796 1 0
566 0 0
377 0 0
Net 4
172 1 1
641 0 1
Net 2
447 1 1
461 0 1
Net 4
1145 0 2
441 0 1
Net 4
684 0 1
290 0 1
17 1 0
Net 1
1156 0 1
754 0 0
735 1 0
471 1 0
Net 1
422 1 1
468 1 1
304 1 1
594 1 0
Net 1
302 0 1
259 0 0
165 0 1
901 0 1
Net 1
638 0 0
1060 2 0
Net 1
456 0 1
993 1 1
Net 2
479 0 1
672 1 1
Net 2
894 0 1
272 1 1
209 1 1
713 0 1
Net 1
993 0 1
1005 2 2
630 1 1
Net 2
552 0 0
124 1 1
170 1 0
Net 3
562 1 0
483 0 0
Net 3
376 0 0
963 1 0
Net 2
686 0 0
1021 1 0
Net 1
501 1 1
772 1 1
Net 4
98 1 1
966 1 1
966 1 1
Net 3
1168 0 2
911 1 1
916 0 0
1006 0 1
Net 1
712 0 1
159 1 0
609 0 1
Net 4
1025 1 1
184 1 0
Net 2
536 0 1
809 0 0
Net 2
60 0 1
72 0 1
431 1 1
Net 4
357 1 1
221 0 0
154 0 0
Net 1
1148 2 2
220 0 0
940 1 1
Net 1
634 0 0
1122 1 2
461 1 0
Net 3
136 1 0
1088 1 1
544 1 0
Net 2
360 1 0
1000 1 0
Net 1
23 0 0
348 0 1
Net 1
800 0 0
1084 2 0
114 1 1
1179 1 2
Net 4
564 1 1
216 1 0
Net 1
1170 1 1
304 1 0
445 1 0
398 0 0
Net 3
1135 2 0
648 0 1
Net 4
873 1 0
1129 0 1
Net 2
881 1 1
531 1 1
773 1 0
517 1 0
Net 2
563 1 0
300 1 0
783 0 1
457 0 1
Net 3
893 1 0
574 1 1
257 0 0
1030 0 1
Net 1
167 1 0
1082 2 1
535 0 1
118 0 0
Net 4
442 1 0
135 1 0
Net 2
436 0 0
670 0 0
Net 4
768 1 0
108 1 0
747 0 0
Net 1
1041 1 1
949 0 0
1034 0 1
Net 3
149 0 0
499 1 1
Net 2
223 0 1
313 0 1
218 1 1
110 1 0
Net 4
1023 1 2
387 1 0
1096 2 2
397 0 1
Net 1
374 0 1
597 0 1
63 0 0
Net 2
739 1 1
816 1 1
639 0 0
1026 2 1
Net 3
1026 1 0
977 1 1
503 1 1
253 1 0
Net 1
182 1 0
921 0 1
537 1 1
Net 1
677 0 0
675 0 1
501 1 1
631 1 1
Net 3
596 1 0
96 1 0
278 0 0
351 1 1
Net 2
694 1 0
171 0 0
1198 2 0
Net 1
925 1 1
146 1 1
Net 3
81 0 0
451 0 1
Net 2
978 1 0
1070 0 0
202 1 0
561 1 0
Net 3
638 1 0
333 1 0
Net 2
759 0 1
1027 1 1
204 1 1
1182 1 1
Net 2
511 1 1
225 0 0
548 1 0
338 0 0
Net 1
664 1 1
223 1 1
51 1 0
255 1 1
Net 3
937 1 1
600 0 0
Net 3
697 0 0
935 0 0
Net 2
636 0 1
976 1 1
33 0 0
Net 4
287 1 0
469 0 1
Net 3
291 1 0
414 0 0
1172 1 1
Net 2
293 1 0
363 1 0
652 0 0
754 0 0
Net 3
1150 0 1
1087 2 2
Net 4
304 1 0
1092 0 0
Net 2
960 1 0
882 0 0
746 0 0
603 0 0
Net 4
343 0 1
804 1 1
Net 3
395 0 0
1056 2 2
Net 4
23 1 1
835 0 1
65 0 1
Net 3
163 0 1
222 0 1
Net 4
1042 1 2
279 0 0
109 0 1
Net 2
903 0 1
738 1 1
Net 4
7 0 1
419 1 1
Net 3
415 1 1
780 1 1
294 0 1
959 1 1
Net 3
1075 0 2
868 1 0
219 0 1
Net 3
370 1 1
25 1 1
441 0 0
Net 2
121 1 0
981 0 0
90 0 0
317 1 1
Net 2
737 0 0
1020 2 0
Net 3
1120 0 2
1013 1 0
221 1 0
342 1 1
Net 4
745 0 0
321 1 1
716 1 0
605 1 0
Net 2
159 1 1
431 1 1
Net 1
1063 1 2
494 1 0
897 1 1
Net 3
1009 2 0
663 0 1
Net 2
147 1 1
19 0 0
680 1 1
425 1 1
Net 2
602 1 0
992 0 1
817 0 0
Net 4
1160 1 2
874 1 1
173 0 0
544 1 0
Net 2
286 0 0
355 1 0
Net 2
684 1 0
1151 0 2
Net 4
578 0 1
1055 1 0
370 1 1
Net 1
328 1 0
164 1 1
952 0 0
Net 2
477 1 0
287 1 0
524 0 0
Net 3
547 1 0
990 0 1
989 0 1
117 1 1
Net 2
1040 0 0
491 1 1
Net 1
237 1 1
340 1 0
444 1 0
991 1 1
Net 2
990 0 1
819 1 1
Net 2
641 1 1
876 0 0
Net 2
906 1 0
500 1 1
Net 3
1181 2 1
76 1 0
1003 0 2
718 1 0
Net 4
879 1 0
394 1 0
Net 1
539 0 1
803 0 0
798 0 1
Net 4
162 1 0
302 0 0
164 1 0
218 0 0
Net 2
300 1 0
983 1 1
322 0 0
Net 2
51 1 1
710 1 0
24 0 0
Net 3
3 1 0
1113 0 0
1171 1 2
272 0 0
Net 4
735 1 0
542 0 0
945 1 1
455 0 1
Net 1
892 0 0
895 1 0
1160 2 1
Net 4
592 1 0
803 0 0
690 1 0
Net 1
299 1 1
24 1 1
432 1 0
Net 1
946 1 1
876 1 0
581 0 0
Net 2
1174 0 1
481 1 0
867 1 1
Net 3
12 1 0
536 1 1
858 1 0
957 0 1
Net 2
343 0 1
1125 1 0
1100 2 0
733 1 0
Net 1
1183 2 0
348 0 0
Net 1
885 0 0
99 1 0
995 1 1
Net 3
334 0 1
24 0 0
798 1 1
252 1 0
Net 4
1134 2 2
84 1 1
969 0 1
Net 2
377 0 0
1144 0 0
Net 4
805 1 0
521 1 1
629 1 1
83 0 1
Net 3
512 0 1
987 0 1
103 1 1
Net 1
593 1 1
1103 2 1
709 1 0
Net 3
40 1 1
241 1 1
66 1 1
Net 3
461 0 1
878 1 0
Net 2
361 1 0
1185 2 2
35 1 1
Net 4
89 1 1
222 0 0
Net 1
141 1 1
13 0 1
812 1 0
Net 2
706 0 1
592 1 0
Net 4
423 0 0
33 0 1
159 0 0
Net 4
689 1 0
1098 0 1
178 0 1
Net 3
124 0 0
1105 0 2
Net 2
1136 0 2
1010 1 2
55 1 1
913 1 1
Net 3
93 1 0
146 1 0
1151 1 0
Net 4
1068 2 1
261 0 1
Net 2
1067 1 0
638 1 1
1029 0 2
Net 1
942 0 0
1014 1 0
537 1 0
223 1 0
Net 4
905 0 0
248 0 0
Net 1
976 0 0
283 1 1
496 1 0
Net 3
336 1 1
159 0 1
395 1 0
1126 1 0
Net 4
722 0 0
1068 2 0
Net 1
360 0 1
469 0 0
965 0 0
453 1 1
Net 1
940 0 0
340 0 0
284 1 1
Net 4
629 1 1
161 0 1
874 0 0
Net 4
753 1 0
203 0 0
754 1 1
Net 4
634 1 1
680 0 0
991 1 0
Net 2
321 0 0
1145 0 1
117 0 0
870 1 1
Net 2
755 0 0
902 1 1
Net 1
1090 1 0
893 0 1
Net 2
432 0 0
66 1 0
Net 2
692 1 1
361 0 1
Net 2
417 1 0
196 1 0
Net 3
427 1 0
740 0 1
129 0 0
453 1 1
Net 3
1060 2 0
272 0 0
61 1 1
Net 3
115 0 1
374 0 1
801 1 1
693 0 1
Net 4
483 0 1
450 0 1
663 1 1
Net 4
725 0 0
422 0 0
890 0 0
Net 1
9 1 0
578 1 0
517 0 0
1000 1 2
Net 4
609 0 0
1152 0 2
677 1 1
Net 1
855 0 1
507 0 1
Net 1
369 1 0
291 0 0
656 1 1
448 0 0
Net 2
766 0 1
561 1 0
Net 3
71 1 1
954 1 1
381 1 1
Net 4
1157 1 0
530 0 0
1017 0 2
Net 2
884 1 0
575 0 1
Net 4
65 0 1
954 0 0
Net 3
650 1 0
490 0 1
247 0 1
Net 2
972 1 0
784 1 1
Net 3
945 1 1
1171 0 2
111 1 1
671 1 1
Net 2
197 0 0
220 1 1
Net 3
794 0 0
813 0 0
590 0 0
336 1 0
Net 4
1143 2 0
883 0 0
52 1 0
249 1 0
Net 3
299 0 0
1094 1 0
Net 4
304 1 0
703 1 1
Net 4
1091 2 2
738 1 1
Net 3
277 0 1
1108 0 0
751 0 1
335 0 1
Net 1
443 0 1
995 1 0
1142 2 1
Net 3
755 0 0
316 1 0
Net 2
887 0 0
744 1 1
Net 2
525 0 1
977 1 1
678 0 1
Net 1
1079 1 0
116 1 1
Net 4
1186 0 2
869 0 1
952 0 0
Net 2
1177 2 1
446 1 0
452 1 0
841 0 0
Net 1
91 1 1
262 0 0
Net 1
1097 1 0
424 1 1
509 0 0
Net 3
1113 1 2
1091 0 0
Net 4
1056 2 0
46 0 1
695 0 1
71 0 0
Net 2
683 1 1
998 0 0
400 1 1
Net 2
251 0 1
1173 2 0
Net 2
399 1 1
295 0 0
818 0 0
509 1 0
Net 1
1052 2 2
634 1 0
Net 2
242 0 1
909 0 1
906 1 0
457 1 1
Net 1
231 1 1
354 0 0
682 0 1
534 1 0
Net 1
798 1 0
192 0 1
253 0 0
1159 2 2
Net 1
764 1 0
147 0 1
Net 2
218 0 0
133 0 0
467 1 1
417 0 1
Net 2
352 0 0
179 1 0
401 1 0
Net 2
684 1 0
504 0 0
1074 1 0
7 1 1
Net 3
506 1 0
501 0 1
5 0 1
184 1 1
Net 3
1156 0 1
992 0 1
296 1 0
Net 3
479 1 0
78 1 0
584 0 1
237 0 0
Net 3
587 1 1
947 1 0
Net 4
667 1 1
688 0 0
708 0 1
1187 2 0
Net 2
290 1 0
137 0 0
771 1 1
159 0 0
Net 3
1176 1 2
643 0 0
Net 1
30 0 1
1160 1 1
612 1 0
902 1 0
Net 1
1101 0 2
1194 1 2
610 0 1
587 1 1
Net 3
419 0 0
450 1 1
762 1 0
526 0 1
Net 1
731 0 1
632 0 1
978 0 0
Net 2
61 0 0
134 0 0
Net 3
617 0 0
210 0 1
627 0 1
674 0 1
Net 2
1068 2 2
571 0 1
165 1 0
579 1 1
Net 2
341 1 1
110 1 1
321 1 0
100 1 1
Net 3
614 1 1
482 1 0
206 0 1
371 1 0
Net 3
1197 0 2
338 1 0
Net 2
15 0 0
587 0 0
462 0 0
229 1 1
Net 4
871 1 1
282 1 0
Net 1
1031 1 1
320 0 1
Net 3
870 1 1
638 0 1
1152 1 1
Net 1
848 1 1
1049 2 1
292 1 0
287 1 1
Net 3
761 1 1
1164 1 2
834 1 1
Net 1
1164 0 0
1085 2 2
733 1 0
Net 4
1187 0 2
893 0 0
1142 2 1
Net 4
500 1 1
892 1 0
35 0 0
Net 4
30 0 0
565 1 1
Net 4
637 0 0
1137 1 1
987 1 1
772 1 1
Net 1
565 0 0
685 1 0
361 0 1
744 0 1
Net 2
393 0 0
1030 2 2
119 1 1
Net 4
86 1 1
102 0 0
1019 0 1
Net 1
802 0 0
581 0 1
Net 1
577 1 1
941 1 1
342 1 0
293 0 0
Net 4
1024 0 1
408 0 0
38 1 0
840 1 0
Net 2
725 1 0
102 1 1
Net 1
396 0 1
906 1 1
938 0 1
Net 3
750 0 0
352 0 1
Net 3
996 1 1
741 0 1
509 1 0
352 1 0
Net 1
78 0 0
785 1 0
Net 3
638 1 0
1143 1 2
1108 1 2
905 1 0
Net 3
1115 0 2
833 0 1
1042 2 2
272 1 0
Net 2
993 0 0
783 1 0
Net 3
272 1 0
1127 1 2
860 0 1
1127 2 2
Net 2
821 1 0
43 1 1
746 0 0
891 0 0
Net 3
378 1 0
650 0 0
578 0 0
Net 3
1 1 1
696 0 0
317 1 0
713 0 1
Net 4
823 0 1
727 0 1
257 1 1
908 1 1
Net 3
1101 2 2
1102 1 2
951 0 1
Net 1
1189 0 2
744 0 1
368 0 0
247 1 1
Net 2
154 1 0
736 1 1
637 1 1
892 0 0
Net 4
17 1 0
358 1 0
1103 0 1
271 0 1
Net 3
447 1 1
601 0 1
Net 2
701 1 0
784 1 1
669 0 1
686 1 1
Net 2
905 0 0
432 1 0
520 1 1
119 1 0
Net 1
276 0 1
977 1 1
561 0 0
Net 3
634 1 1
507 0 0
213 0 0
Net 2
910 1 0
133 0 1
311 1 1
587 1 0
Net 1
57 0 0
60 0 0
694 1 1
Net 2
191 0 1
865 0 0
927 1 1
Net 1
552 0 1
1169 2 1
591 0 0
1001 2 2
Net 2
1140 1 2
1193 0 0
Net 2
1173 1 1
783 0 0
332 0 0
Net 2
745 0 0
507 0 0
381 1 0
Net 4
390 1 1
894 1 1
Net 3
862 1 0
861 0 0
694 1 1
Net 1
1047 2 0
281 1 0
143 1 1
Net 4
1143 1 2
614 0 1
Net 3
53 0 1
857 0 0
Net 1
1167 1 1
343 0 0
725 0 0
506 1 1
Net 2
1049 1 1
1139 1 2
Net 3
1078 2 2
699 1 0
327 1 0
646 0 0
Net 2
311 1 0
399 1 0
Net 3
207 1 1
1082 1 1
209 1 0
87 1 0
Net 4
98 0 1
1058 1 0
Net 4
423 0 1
868 1 0
Net 3
409 1 0
408 1 1
Net 4
451 0 0
712 0 1
778 1 1
1041 1 2
Net 3
325 1 0
694 1 1
Net 2
1068 1 0
1035 1 0
Net 1
24 1 0
576 1 0
Net 4
109 0 0
37 1 0
Net 4
638 0 0
107 1 1
591 0 1
247 1 0
Net 4
790 1 1
364 1 0
756 0 0
Net 3
592 1 1
229 0 1
867 0 0
Net 3
255 1 0
517 1 1
Net 2
1080 2 1
653 1 0
218 1 0
Net 1
406 0 0
560 1 1
85 0 1
Net 2
461 1 0
919 0 1
650 1 1
Net 4
400 0 1
274 0 0
1126 2 2
Net 2
1118 1 0
309 0 1
951 0 0
Net 1
580 0 1
742 0 0
331 1 0
732 0 1
Net 3
429 1 1
971 0 0
42 1 0
351 1 1
Net 3
907 1 0
288 1 1
1030 2 2
161 1 1
Net 2
628 0 1
1058 2 1
1181 2 2
23 0 1
Net 4
44 1 1
952 0 1
40 1 1
Net 3
704 1 0
780 1 1
208 1 0
66 0 1
Net 1
229 1 1
606 0 0
651 0 1
755 0 1
Net 4
1020 1 1
876 0 1
456 1 0
Net 2
100 1 0
603 1 1
833 1 0
591 1 1
Net 3
78 1 0
633 0 0
805 1 1
Net 3
300 0 1
54 1 0
506 1 0
Net 3
268 1 1
1056 1 2
Net 4
316 0 0
206 1 1
Net 1
152 1 1
130 1 1
98 1 1
Net 1
116 0 0
750 0 1
Net 1
267 1 0
652 1 0
987 0 0
722 0 1
Net 3
172 1 1
733 1 1
Net 3
1123 0 0
305 1 0
86 1 1
Net 2
277 0 1
870 1 1
1142 2 0
Net 4
250 1 0
439 0 1
594 1 0
Net 2
630 0 0
174 0 1
953 0 1
Net 3
19 0 1
812 0 0
Net 1
885 0 0
40 0 1
Net 2
328 0 0
1061 1 0
968 0 1
1147 0 0
Net 4
567 0 0
588 0 0
428 1 0
Net 2
70 1 1
487 1 0
1167 1 1
Net 2
214 1 1
643 0 0
286 1 1
5 1 1
Net 2
230 1 1
1136 2 2
358 0 0
Net 3
960 1 0
310 0 1
876 1 0
Net 1
850 0 1
650 0 1
667 1 1
Net 2
512 1 0
476 0 0
928 0 0
1040 2 0
Net 3
900 1 1
916 1 1
919 1 1
Net 2
374 0 1
1135 0 1
799 1 0
Net 4
1066 1 1
880 0 1
Net 4
327 1 0
876 1 1
Net 3
154 1 1
736 1 0
1179 1 0
809 1 1
Net 2
849 1 0
910 0 1
Net 4
814 0 0
500 1 1
541 1 0
695 0 1
Net 4
1063 2 0
1121 1 2
203 0 0
1052 0 2
Net 3
1028 1 2
642 0 1
Net 3
818 1 0
30 0 0
74 0 1
Net 2
26 1 0
386 0 0
Net 2
460 0 0
136 0 0
Net 4
639 0 0
338 1 1
195 1 1
1027 2 0
Net 2
854 1 0
662 0 0
58 1 0
Net 4
712 1 1
1095 1 1
Net 3
565 0 0
1034 0 2
985 1 1
Net 4
192 1 1
684 1 1
1094 0 0
Net 3
81 1 0
1176 1 0
907 0 0
Net 1
949 0 0
373 0 1
636 1 1
1181 2 0
Net 2
1104 0 2
1188 1 1
70 1 1
Net 3
264 0 1
506 0 0
607 1 0
Net 1
1095 1 2
678 0 0
280 1 1
Net 1
1079 2 2
712 1 1
1057 0 1
121 1 0
Net 1
1086 2 1
818 0 0
1065 1 2
895 1 0
Net 1
275 0 0
506 1 0
19 0 1
Net 1
1182 2 2
253 0 1
Net 4
1086 2 1
802 1 0
Net 3
61 0 1
1116 2 0
402 0 1
Net 3
925 1 1
1151 2 0
77 1 1
Net 1
813 1 0
298 1 0
1073 1 1
1134 1 1
Net 3
739 0 0
736 0 1
814 0 0
765 0 0
Net 3
223 1 1
1036 1 0
Net 4
162 0 1
743 0 0
Net 4
262 0 1
622 1 0
217 1 0
331 0 0
Net 4
793 1 0
166 1 0
Net 3
1029 2 1
321 1 1
495 0 0
Net 2
371 1 0
983 0 1
Net 4
1075 1 2
856 0 0
Net 1
301 0 1
964 0 0
786 1 1
903 0 0
Net 2
461 1 0
1033 0 1
274 0 1
149 1 0
Net 3
1196 1 0
650 1 0
414 1 0
Net 1
1164 2 1
956 1 1
Net 2
351 0 1
347 0 1
Net 3
638 1 1
834 1 0
429 1 1
Net 3
88 0 0
626 0 0
Net 1
591 1 1
662 0 1
1061 1 2
Net 1
725 0 0
12 1 0
Net 3
581 1 0
39 1 1
1049 0 0
915 1 0
Net 3
1023 1 2
743 1 1
Net 3
365 1 0
261 0 1
951 0 1
Net 2
1140 1 0
657 1 1
718 0 0
376 0 1
Net 1
139 1 0
205 1 0
Net 3
178 1 1
735 1 1
Net 3
507 0 0
1157 0 2
1018 2 2
62 0 1
Net 2
1042 1 1
603 0 1
Net 2
360 1 1
741 0 0
Net 1
1122 1 2
1066 0 0
1087 2 2
Net 1
1183 2 1
365 0 0
491 1 0
650 0 0
Net 3
829 1 1
332 1 0
606 1 1
Net 2
929 0 1
234 1 1
569 1 0
934 1 0
Net 2
214 1 1
76 1 1
57 0 0
741 0 0
Net 1
203 1 0
285 1 1
519 0 0
1088 0 2
Net 3
732 0 0
98 1 1
526 1 0
Net 1
705 1 1
181 1 1
385 0 1
Net 3
280 1 0
405 1 0
Net 2
613 0 1
457 0 1
616 1 0
113 1 1
Net 3
15 1 0
752 0 0
Net 2
880 1 1
823 0 0
553 0 0
Net 3
1039 1 2
822 1 1
670 0 0
Net 1
365 1 0
811 1 0
807 0 1
Net 1
324 1 0
757 0 0
193 0 0
Net 1
888 1 0
186 1 1
Net 3
335 1 0
1113 2 0
28 0 1
853 0 1
Net 2
117 0 1
1121 1 1
975 0 0
663 1 0
Net 2
245 0 0
581 1 0
494 0 0
874 0 1
Net 4
110 1 1
227 1 0
500 1 1
Net 4
487 1 0
175 0 0
421 0 0
154 0 1
Net 1
485 1 0
622 0 0
733 1 1
Net 1
739 1 0
94 0 1
933 1 1
Net 1
825 1 0
594 1 0
837 0 0
474 1 0
Net 1
1180 0 1
1091 2 2
630 1 0
Net 1
667 1 1
986 0 1
963 1 1
Net 2
68 0 1
474 0 0
Net 4
343 1 0
116 1 0
644 1 1
1198 1 0
Net 2
990 1 1
197 1 1
1156 0 0
Net 1
303 1 1
885 0 0
28 1 1
497 0 1
Net 2
279 0 0
238 1 1
28 1 1
Net 2
1082 2 1
914 0 1
17 1 1
Net 3
591 0 0
362 1 1
Net 3
1159 2 1
823 1 0
Net 3
987 1 0
67 1 1
Net 1
1107 0 1
820 0 0
971 0 1
Net 1
836 1 0
861 0 1
1178 1 0
405 1 1
Net 1
281 0 0
127 0 0
386 1 0
Net 4
505 0 0
410 0 0
398 1 1
Net 1
722 0 0
909 1 0
1030 1 0
464 0 1
Net 4
1009 0 1
492 0 1
997 1 1
559 1 0
Net 2
1053 1 2
927 0 1
Net 1
15 1 1
292 1 1
Net 4
435 1 1
15 1 0
612 0 1
Net 3
252 0 0
825 1 0
1090 2 0
113 1 1
Net 1
847 0 1
1046 0 2
Net 3
836 1 1
1136 2 0
359 1 0
612 1 1
Net 2
615 1 1
1155 2 1
154 0 0
Net 2
153 0 0
330 0 0
1166 0 2
Net 4
41 0 0
1074 2 2
Net 2
560 0 1
565 1 0
1011 0 2
Net 2
1069 0 1
1177 1 0
1089 0 0
Net 4
264 1 0
84 1 0
Net 1
86 0 0
686 1 1
1030 1 0
Net 3
1079 2 2
1122 0 0
951 0 1
Net 4
723 0 0
1015 2 0
133 0 1
220 0 1
Net 3
80 0 1
765 0 0
644 0 1
Net 4
440 0 0
638 0 0
161 0 0
Net 1
674 1 1
803 1 1
Net 2
1125 2 1
526 0 0
73 1 0
90 0 0
Net 4
351 1 0
993 0 0
769 0 1
Net 4
930 1 1
433 0 0
Net 3
280 1 0
554 0 1
Net 3
589 0 1
717 1 0
Net 1
190 0 0
152 1 1
Net 1
1100 1 0
892 1 1
Net 3
1174 0 1
436 1 1
989 0 0
Net 1
493 1 1
30 1 0
688 0 1
Net 2
313 0 1
740 0 0
677 0 0
Net 1
375 0 1
741 1 1
995 0 1
640 1 0
Net 3
516 0 0
340 0 0
1005 1 1
Net 2
982 0 1
886 0 1
Net 2
159 0 0
680 1 0
Net 2
353 0 0
1120 0 0
Net 3
775 1 1
621 0 0
1153 0 0
826 0 1
Net 3
396 1 0
701 1 0
563 1 0
Net 2
464 1 1
1187 1 1
Net 3
205 1 1
974 1 1
69 1 0
Net 3
62 1 0
174 0 0
Net 1
103 0 0
148 1 1
1119 2 2
Net 2
853 1 0
106 1 1
Net 3
1091 1 1
756 0 1
979 0 1
Net 4
1035 0 2
59 0 0
273 1 1
246 1 0
Net 4
1174 1 2
102 0 1
345 0 1
Net 2
469 0 0
852 1 1
1039 1 2
1099 2 2
Net 1
364 0 0
1052 1 0
Net 4
261 1 1
790 0 1
Net 4
1055 2 0
712 1 1
Net 4
909 0 1
276 0 1
909 0 1
Net 2
1155 0 2
486 0 1
Net 3
301 1 0
1180 0 0
44 1 1
Net 1
1048 2 1
383 1 1
243 1 1
376 0 0
Net 4
670 0 0
345 0 1
646 1 1
979 0 1
Net 4
783 1 0
631 0 1
1014 2 0
57 1 1
Net 3
702 1 1
524 1 0
870 1 1
Net 1
838 1 1
505 1 1
88 0 1
1071 1 2
Net 3
932 1 0
5 1 1
Net 4
361 0 0
1179 0 2
268 0 1
1106 1 0
Net 4
725 0 1
300 1 0
476 1 1
Net 1
729 0 0
189 1 1
Net 3
184 1 1
34 1 0
427 1 0
317 0 1
Net 4
392 1 0
355 0 1
174 0 0
Net 1
815 1 0
1160 2 0
496 0 1
Net 3
343 1 0
907 1 0
1072 0 0
264 1 1
Net 4
446 0 0
371 0 0
Net 3
692 0 0
778 1 0
879 1 1
Net 3
799 1 0
1057 1 0
Net 3
705 1 1
43 0 1
913 1 1
281 1 0
Net 3
1082 0 0
760 1 0
1071 0 0
1022 1 2
Net 4
161 0 0
18 1 1
Net 2
140 0 0
77 0 1
613 0 1
Net 4
1133 0 2
745 0 0
Net 1
768 1 0
63 0 0
Net 4
1165 1 2
745 1 1
Net 4
805 1 0
139 0 0
377 1 1
350 1 0
Net 1
614 0 1
602 1 1
16 0 0
1182 1 2
Net 4
198 0 0
155 1 0
Net 3
196 1 1
224 1 0
386 1 1
Net 1
808 1 0
1186 0 0
Net 1
782 1 0
1035 0 0
1143 0 0
Net 4
788 0 1
1127 0 0
679 0 1
Net 1
530 1 1
846 1 1
1153 1 0
Net 4
151 0 0
386 1 1
6 0 1
794 0 1
Net 2
579 0 0
9 1 1
891 0 0
Net 3
267 1 0
986 0 1
Net 2
914 1 1
597 1 1
804 0 0
511 1 0
Net 4
401 0 1
518 1 1
324 1 0
Net 1
898 0 0
808 1 0
Net 3
79 1 1
237 1 1
1151 1 2
Net 2
607 0 0
1114 2 1
1135 1 2
Net 2
647 1 1
1006 1 2
968 1 0
Net 1
1031 1 0
83 0 1
Net 1
717 1 0
255 1 0
88 0 1
1107 0 2
Net 4
97 1 0
163 1 1
Net 4
1058 2 1
54 0 0
637 0 0
506 1 0
Net 2
320 1 0
862 1 1
216 0 1
666 1 1
Net 2
753 1 0
963 0 0
Net 2
869 0 0
1085 1 1
Net 2
819 1 0
97 1 1
536 0 1
Net 4
232 1 1
195 0 0
Net 4
344 1 0
338 0 0
Net 3
1066 0 1
243 0 0
621 1 1
Net 2
405 0 1
211 1 0
847 0 0
987 1 1
Net 1
113 0 1
1067 2 1
Net 2
955 0 1
753 1 0
322 0 0
728 1 1
Net 4
707 0 0
1045 0 0
162 0 1
Net 4
1002 0 1
717 1 0
824 1 1
Net 2
971 1 1
401 1 0
138 1 0
Net 2
210 0 1
669 0 1
864 1 0
1019 1 2
Net 1
697 0 1
698 1 0
Net 3
823 1 0
633 0 1
1119 0 2
Net 2
0 0 0
1001 2 2
787 1 1
Net 4
428 0 1
1055 1 2
147 1 1
122 0 1
Net 4
1102 0 2
462 1 0
814 1 0
Net 1
252 1 1
320 0 1
Net 1
732 1 0
967 1 1
246 1 1
Net 2
314 1 1
272 1 1
Net 1
532 0 0
260 1 1
126 1 0
Net 2
293 1 0
215 0 1
950 0 1
617 1 0
Net 4
111 1 0
34 1 0
567 0 0
Net 4
247 1 0
1105 1 0
Net 3
705 1 0
539 1 1
1102 0 1
Net 3
513 1 0
1109 0 2
Net 2
401 1 0
86 0 0
894 0 0
Net 2
806 1 0
107 0 1
Net 3
154 0 0
875 1 1
1103 1 1
718 1 0
Net 1
101 0 1
305 1 1
783 0 1
390 1 1
Net 2
11 1 1
517 1 1
Net 1
13 1 1
248 0 1
603 0 1
704 0 0
Net 2
935 0 0
379 0 1
Net 1
473 1 0
476 1 0
654 1 1
1019 0 2
Net 4
1073 2 1
321 0 1
Net 2
1155 1 0
487 0 0
Net 1
1054 2 2
664 0 1
766 0 0
137 1 1
Net 1
834 1 1
887 0 1
689 0 1
Net 1
299 1 1
369 1 1
223 1 1
40 1 0
Net 3
785 0 0
956 0 0
943 1 1
Net 3
1105 0 2
972 1 1
Net 4
70 0 0
875 0 1
1057 1 2
815 0 1
Net 1
995 1 0
523 0 0
Net 2
428 0 0
628 0 1
81 1 0
151 1 0
Net 3
1093 2 0
591 1 0
184 1 0
331 0 1
Net 3
673 1 1
253 1 1
Net 2
494 0 0
826 1 0
1028 0 0
Net 2
773 0 0
209 0 1
755 1 0
Net 1
482 1 1
689 0 1
906 1 0
553 1 1
Net 4
753 0 0
208 1 1
Net 2
651 0 0
544 0 0
Net 3
920 1 0
817 0 0
Net 1
906 1 0
319 0 1
702 1 1
Net 1
715 1 1
965 0 1
15 0 1
Net 2
572 1 0
720 1 0
Net 3
507 0 0
249 0 0
523 0 1
Net 1
775 1 1
820 0 1
Net 4
575 1 1
1074 0 1
862 1 0
Net 2
185 0 0
1196 0 0
Net 1
1030 1 0
524 1 1
1011 0 1
Net 3
593 1 1
651 0 0
178 0 1
Net 1
949 1 0
957 1 0
1125 2 0
Net 4
420 1 1
269 0 0
Net 4
742 0 1
914 1 1
Net 3
580 0 1
927 1 1
715 0 0
Net 2
386 0 0
344 1 1
Net 2
1151 2 1
143 0 0
660 0 1
1026 2 2
Net 3
232 1 1
251 1 1
300 0 0
1038 0 2
Net 4
945 0 0
896 0 0
191 0 0
4 0 1
Net 3
18 0 1
251 1 0
502 0 0
1154 2 2
Net 2
1181 2 2
926 0 0
975 0 0
318 0 0
Net 3
964 0 1
982 0 0
33 0 0
888 0 0
Net 3
327 1 1
660 1 1
386 0 0
Net 2
994 0 1
139 0 1
255 1 0
Net 2
198 1 1
347 1 0
929 1 1
Net 1
221 0 0
642 1 0
1098 1 0
Net 2
910 0 1
289 1 0
1082 0 0
80 1 1
Net 4
465 1 0
348 1 1
921 0 1
364 1 0
Net 3
273 1 0
1183 1 0
624 0 1
506 1 0
Net 4
579 0 1
1044 0 2
Net 2
690 0 1
139 0 0
697 1 1
122 0 1
Net 2
868 0 0
423 0 1
856 1 0
Net 4
373 0 1
838 1 0
680 1 1
1171 2 0
Net 2
983 1 1
70 1 1
91 1 0
Net 3
759 0 1
1143 2 2
668 0 0
306 1 1
Net 3
494 0 0
216 1 1
Net 4
771 1 1
270 0 0
Net 1
382 0 1
333 1 1
786 0 1
368 0 0
Net 2
243 0 1
1143 2 1
75 1 0
1198 2 2
Net 1
990 1 0
172 1 1
Net 2
1185 2 2
938 0 1
315 1 0
Net 3
615 1 1
545 0 0
349 0 1
781 1 0
Net 1
614 0 1
1187 2 2
1172 2 2
911 1 1
Net 3
417 0 0
184 1 0
1081 2 1
Net 3
63 0 1
309 0 1
Net 4
1148 0 1
590 1 0
512 0 1
313 0 0
Net 3
77 0 0
55 1 0
413 1 0
829 1 0
Net 3
1179 2 2
280 1 0
22 0 0
534 1 0
Net 4
666 1 0
1095 2 0
Net 3
134 0 1
866 1 1
Net 3
914 0 1
640 0 0
1113 2 0
985 0 0
Net 4
249 0 0
301 1 1
659 0 1
793 0 0
Net 1
1155 0 1
870 0 0
662 0 0
Net 4
323 1 0
733 0 1
Net 4
1095 1 0
896 0 0
95 1 0
Net 3
1117 1 0
9 1 0
1103 2 0
380 1 1
Net 4
54 1 1
95 0 1
1191 2 0
Net 4
1193 0 2
1157 2 2
226 0 1
Net 1
644 1 0
1175 2 1
808 1 0
Net 3
467 0 0
688 1 0
Net 3
513 1 1
915 1 0
770 1 1
546 1 1
Net 3
809 1 0
522 1 1
394 0 1
861 0 1
Net 3
410 0 1
923 1 1
638 0 1
Net 1
254 0 1
795 0 0
404 1 1
927 1 0
Net 2
296 1 1
49 1 0
459 1 1
534 0 0
Net 1
618 1 1
24 1 0
Net 1
267 0 1
308 1 0
1194 1 0
Net 3
256 0 1
40 1 0
468 0 0
Net 3
1143 0 0
540 1 1
Net 2
775 0 1
476 0 1
Net 2
94 0 1
1158 2 0
659 1 0
Net 2
474 1 0
437 1 0
84 1 1
Net 4
438 0 0
1052 2 2
569 0 1
663 0 0
Net 2
269 0 1
257 1 0
Net 1
916 1 1
149 1 1
350 1 1
Net 2
800 1 0
88 0 0
Net 4
151 1 0
556 0 0
1063 2 2
588 0 1
Net 1
803 1 0
42 0 1
613 1 1
Net 2
319 0 0
622 1 1
Net 2
675 1 1
1057 0 0
648 1 1
Net 4
468 0 1
829 0 1
70 0 0
Net 4
34 1 1
582 1 1
459 0 0
286 1 1
Net 4
69 1 1
86 0 1
Net 4
454 0 1
405 0 1
1101 2 0
1135 2 2
Net 2
355 0 0
47 0 1
Net 2
180 0 0
601 0 0
Net 1
399 0 1
849 1 0
328 0 0
Net 4
745 0 0
239 1 0
91 1 0
Net 3
683 0 0
1039 0 0
Net 3
486 1 1
617 0 0
155 1 1
991 0 0
Net 1
179 1 0
739 0 1
514 1 1
349 1 1
Net 2
917 1 0
555 0 1
1173 2 1
Net 1
780 0 0
383 0 1
562 0 1
Net 2
946 1 1
963 1 1
638 0 0
Net 4
358 1 1
977 0 0
167 0 0
99 0 1
Net 3
918 0 1
503 0 1
249 1 1
364 0 0
Net 3
1008 1 0
167 0 1
Net 1
1143 2 1
322 1 1
493 1 0
Net 4
387 0 0
499 1 1
678 1 0
Net 1
852 0 0
458 1 1
1125 0 0
220 1 0
Net 3
1026 1 0
216 0 0
Net 1
246 1 1
363 1 0
167 1 1
Net 1
858 0 1
941 1 1
Net 1
92 1 0
399 1 1
55 1 0
457 1 0
Net 4
564 0 1
782 0 0
1138 1 2
1148 2 1
Net 2
1000 1 0
244 0 0
643 1 0
Net 3
30 1 0
710 0 1
Net 3
434 1 1
907 1 1
777 1 1
Net 1
928 0 1
406 0 0
563 0 1
Net 2
346 1 0
1003 1 2
554 0 1
Net 1
544 1 0
877 0 1
1054 2 2
Net 3
1028 2 0
1024 1 1
Net 3
435 0 0
1013 1 1
Net 3
1069 2 0
230 0 1
Net 3
878 1 0
530 0 0
211 1 1
Net 1
1091 0 1
476 0 0
Net 1
339 0 0
253 1 1
659 0 1
Net 1
493 0 0
53 1 0
747 0 1
Net 4
65 0 1
288 1 1
68 1 1
Net 1
971 1 1
387 0 1
Net 3
371 1 1
121 0 0
Net 1
44 1 1
196 0 1
1029 1 2
930 1 0
Net 3
85 1 0
770 0 0
501 1 1
25 0 0
Net 3
638 0 1
1034 0 0
Net 3
1175 0 1
564 1 1
Net 1
226 1 1
1009 2 0
Net 4
124 0 0
855 0 1
Net 3
343 1 0
805 1 0
768 0 1
Net 4
347 0 0
2 1 0
Net 4
1008 1 2
297 1 0
1164 0 0
Net 2
425 0 1
93 0 0
Net 1
905 1 1
1031 2 0
1138 0 0
110 0 1
Net 3
1192 0 0
890 1 1
633 0 0
1058 0 2
Net 4
422 1 1
127 1 0
310 1 0
248 0 1
Net 3
298 0 0
643 0 1
333 1 1
966 0 1
Net 1
1136 0 1
358 1 1
485 0 1
Net 1
824 0 0
1013 1 0
Net 1
1016 0 2
691 0 1
976 1 1
633 1 0
Net 3
812 0 1
801 0 1
Net 1
973 0 0
1032 2 2
37 0 1
1053 1 1
Net 2
455 1 0
518 1 0
918 1 1
530 1 0
Net 4
654 0 1
427 0 0
611 0 1
649 0 0
Net 3
339 1 1
794 1 1
Net 2
1163 0 0
15 0 0
1057 1 2
Net 4
967 1 0
683 0 0
673 1 1
919 0 0
Net 3
873 1 0
553 0 0
Net 1
43 1 1
826 1 1
Net 1
890 1 1
1092 1 2
949 0 1
Net 3
1075 1 1
89 0 1
679 1 1
Net 3
82 1 1
954 1 0
Net 4
984 1 1
136 0 0
342 1 0
Net 4
733 1 1
1031 2 0
486 1 0
763 1 0
Net 3
837 0 0
713 1 0
Net 2
401 1 0
1079 1 1
Net 2
1042 0 0
456 0 0
Net 4
497 0 0
411 0 0
426 1 0
872 0 1
Net 3
25 1 1
488 0 0
265 1 1
Net 1
377 0 0
1019 2 1
Net 2
528 0 1
522 0 0
1116 1 1
Net 2
840 1 0
637 1 1
209 0 0
1169 2 1
Net 3
648 0 0
333 1 1
13 1 1
Net 1
1113 0 2
1094 2 2
1086 2 0
Net 4
992 0 0
330 1 1
879 0 1
327 0 1
Net 1
627 0 0
922 0 1
Net 4
320 1 0
605 1 1
458 0 1
602 1 0
Net 1
751 1 0
892 1 0
Net 3
227 1 1
159 1 1
968 0 0
441 0 0
Net 3
660 0 0
421 0 1
535 0 1
Net 3
606 1 1
272 1 0
Net 1
686 1 1
1129 0 0
691 1 1
Net 3
459 0 1
1001 0 2
Net 3
83 1 1
341 1 0
194 0 1
1151 1 0
Net 2
600 0 1
244 0 0
1011 0 1
622 0 0
Net 4
1025 1 1
1109 0 1
602 0 0
797 0 0
Net 1
227 1 0
828 1 1
224 1 0
387 1 1
Net 3
1062 0 1
887 1 1
796 0 1
Net 4
762 0 1
694 0 1
73 1 1
Net 2
499 1 0
1115 2 0
1092 2 2
Net 3
460 0 1
745 0 1
565 1 0
479 1 1
Net 2
230 0 0
600 0 1
251 1 1
Net 3
344 0 1
823 1 0
Net 4
989 1 1
221 0 1
571 1 0
Net 1
718 0 0
240 0 0
Net 4
882 0 1
228 1 0
754 0 1
644 0 0
Net 2
939 0 1
582 1 0
Net 4
1042 0 0
390 1 0
Net 4
1064 1 2
1063 1 0
273 1 1
352 1 1
Net 3
908 0 1
775 0 1
467 1 0
Net 2
414 1 0
797 0 1
Net 2
1000 0 0
951 0 0
Net 3
452 1 1
897 1 1
Net 1
191 1 1
1075 0 2
Net 4
807 1 1
354 0 0
477 1 1
Net 3
907 1 0
361 1 1
Net 3
1084 0 1
64 1 0
Net 4
1146 2 2
1112 0 2
Net 1
173 0 0
902 1 0
534 0 1
Net 1
1082 0 1
390 1 0
1199 2 2
Net 2
311 1 1
14 1 0
811 1 0
985 0 0
Net 4
771 0 0
546 0 0
781 0 0
Net 4
454 0 1
309 1 1
Net 1
765 1 0
721 0 1
609 1 1
Net 1
803 1 1
117 1 1
Net 2
397 1 0
827 0 0
Net 1
832 1 0
750 0 1
776 1 1
Net 3
1155 1 2
34 0 0
487 1 1
Net 3
230 0 0
168 1 0
428 1 1
Net 1
661 1 1
130 1 0
Net 3
1007 1 0
262 1 1
Net 1
799 0 0
579 0 0
1 0 1
Net 4
994 1 1
1061 0 1
192 1 1
1156 1 1
Net 1
820 0 1
651 1 1
Net 3
991 0 1
1100 0 1
Net 4
517 0 0
176 1 0
294 1 1
304 1 0
Net 4
416 1 0
1109 2 2
Net 1
708 0 1
409 0 0
128 1 1
Net 2
151 0 0
674 0 1
791 0 1
206 1 0
Net 3
532 0 1
541 0 0
Net 2
189 0 0
275 0 0
Net 2
397 0 0
950 0 0
477 0 1
Net 1
1082 1 1
825 1 0
Net 3
123 0 0
871 1 1
396 0 1
224 1 1
Net 2
265 1 0
748 1 0
107 1 0
1189 1 0
Net 3
43 0 1
518 0 1
190 1 0
938 0 0
Net 3
847 1 1
1113 0 2
661 0 0
768 1 1
Net 2
664 0 0
707 0 1
26 1 0
Net 1
999 0 0
243 0 0
1090 1 1
1003 1 1
Net 1
380 0 0
1155 1 1
Net 4
8 0 0
583 0 1
1157 2 2
Net 1
694 1 0
234 0 0
Net 1
624 1 0
1051 0 1
731 0 0
693 1 0
Net 2
737 0 0
124 1 1
442 0 1
Net 2
402 1 1
1060 2 0
484 1 1
687 0 1
Net 3
822 1 0
196 0 0
933 0 1
Net 3
968 0 0
1067 2 1
Net 2
861 1 0
514 0 1
533 1 0
806 0 1
Net 1
905 1 0
416 0 0
119 0 0
Net 4
1158 1 1
1068 1 1
729 1 0
43 1 1
Net 1
389 0 1
768 1 0
826 0 0
42 0 1
Net 2
163 0 0
474 0 0
Net 3
54 1 0
662 0 1
293 0 0
1035 2 0
Net 4
954 1 1
202 1 0
Net 4
821 1 0
173 1 1
Net 4
589 1 0
137 1 0
661 1 0
Net 2
462 1 1
962 1 1
153 1 0
Net 4
741 0 0
933 1 1
1136 0 2
Net 3
428 1 0
864 0 1
94 0 1
Net 1
642 0 0
119 0 1
572 1 0
465 0 0
Net 3
225 1 0
339 1 1
1119 2 1
Net 4
334 1 1
529 0 0
Net 4
730 1 0
219 1 0
4 0 0
Net 3
425 0 1
368 1 0
Net 2
471 0 0
784 0 0
91 1 0
Net 4
162 1 1
755 0 0
775 0 0
Net 4
643 0 1
264 0 0
755 1 1
Net 3
36 0 1
548 1 0
Net 3
993 0 1
502 1 1
Net 4
874 1 1
1013 1 1
592 1 0
446 0 0
Net 1
997 0 0
85 0 1
1163 1 0
Net 1
1100 0 0
697 0 0
Net 4
766 0 0
144 0 1
170 1 1
294 1 1
Net 1
155 1 1
506 0 1
881 1 1
Net 2
217 0 0
686 0 1
604 0 1
Net 1
930 0 0
307 1 1
516 1 0
Net 4
711 1 0
256 0 1
303 1 1
Net 2
1053 0 0
797 1 0
Net 1
405 1 1
1111 1 1
496 1 1
852 0 1
Net 4
268 1 0
299 1 0
695 0 0
Net 1
448 1 0
730 0 1
Net 1
322 1 1
421 0 0
976 0 1
966 0 1
Net 3
767 1 0
1049 1 0
913 1 1
513 0 1
Net 1
88 0 1
763 1 1
1184 1 2
960 0 0
Net 3
93 0 1
861 0 0
Net 3
1012 0 2
1138 0 1
Net 2
1038 1 2
876 1 1
Net 2
384 0 1
616 1 0
1064 0 1
300 1 0
Net 3
833 0 0
4 0 1
258 0 1
97 0 0
Net 2
1083 2 0
268 0 1
36 1 1
Net 2
36 1 1
378 1 1
11 1 1
Net 1
541 0 0
450 1 0
328 0 1
Net 1
731 0 1
758 0 0
58 1 0
94 0 0
Net 1
115 0 1
737 0 1
Net 3
729 0 0
961 0 0
2 0 1
Net 2
786 1 1
210 1 0
341 1 1
865 0 0
Net 1
857 1 0
1074 0 0
955 1 0
716 0 1
Net 3
912 1 1
498 1 0
1060 0 2
201 0 1
Net 3
948 1 0
605 0 0
832 0 0
939 1 1
Net 1
710 0 0
422 0 1
Net 1
43 0 1
403 0 1
Net 2
209 1 1
389 0 0
981 0 0
72 0 1
Net 4
1055 0 1
319 1 0
708 1 1
Net 4
421 0 1
10 1 0
Net 1
61 1 1
993 1 1
1197 2 0
1157 0 2
Net 1
1142 0 0
636 1 1
Net 1
56 1 0
406 1 0
612 1 0
1025 2 2
Net 4
621 0 1
1072 2 1
754 1 0
Net 1
1014 1 1
359 0 1
415 1 0
Net 2
214 1 0
962 1 1
Net 3
493 1 0
740 1 0
673 1 1
721 1 0
Net 4
93 0 0
903 0 0
Net 2
93 1 1
769 1 0
631 1 0
Net 1
52 1 0
824 0 1
134 0 1
16 1 1
Net 2
33 0 0
1129 2 0
374 0 0
1144 0 1
Net 4
542 1 0
595 0 0
219 1 1
705 1 0
Net 2
129 1 0
163 1 0
444 1 0
819 1 0
Net 4
85 0 1
627 1 1
22 0 1
Net 3
256 1 0
599 1 0
728 0 1
Net 4
539 0 0
727 1 0
676 0 1
Net 2
1150 0 1
207 1 1
470 1 0
Net 4
396 0 1
7 0 1
154 0 1
Net 2
497 1 1
1127 2 0
297 0 1
Net 4
408 1 1
944 1 0
968 0 1
517 0 0
Net 1
518 0 1
1023 0 1
320 0 0
Net 1
981 1 1
176 0 0
584 1 1
Net 1
578 1 1
169 0 0
Net 2
1085 1 1
440 0 1
541 1 0
1143 0 2
Net 1
937 0 0
915 0 0
Net 3
145 0 0
1138 2 0
Net 3
390 1 0
1070 2 1
577 0 0
1037 1 1
Net 4
143 0 1
899 1 0
711 1 1
856 0 1
Net 4
1195 1 1
737 1 1
607 0 0
1184 2 1
Net 3
129 1 0
624 1 1
Net 4
119 1 1
448 1 1
Net 4
847 0 0
333 1 1
142 0 1
Net 1
526 0 1
903 1 0
1195 1 1
806 1 1
Net 3
540 0 1
12 0 0
859 0 0
Net 1
489 1 0
1182 0 0
Net 2
386 0 1
20 1 1
675 1 0
62 1 0
Net 4
675 1 0
295 0 0
Net 4
588 0 1
795 1 1
828 0 1
367 0 0
Net 4
417 1 0
285 1 0
635 0 0
Net 4
278 0 1
854 0 0
Net 4
21 0 1
738 0 1
Net 2
1181 0 0
624 1 0
585 1 1
Net 2
314 1 1
321 1 0
459 1 0
719 0 0
Net 1
780 1 1
1029 0 2
1011 1 0
Net 4
1077 1 2
655 1 1
Net 2
203 0 1
437 1 1
817 0 1
867 1 0
Net 4
443 1 0
95 0 1
177 1 1
54 0 0
Net 2
871 0 0
1074 0 2
311 0 0
Net 1
168 0 0
1000 1 2
243 0 0
Net 3
1027 0 0
96 0 0
Net 1
933 0 0
1139 0 0
879 0 1
7 0 0
Net 4
948 1 0
560 0 0
1121 1 0
100 0 1
Net 2
1067 2 2
1152 2 0
1092 0 0
771 0 0
Net 3
125 0 1
1073 1 2
434 0 1
707 1 0
Net 4
665 0 0
884 0 0
837 1 0
1081 0 0
Net 1
1129 0 0
54 0 1
Net 1
1022 0 2
589 1 1
600 0 0
417 1 0
Net 3
18 1 0
840 0 0
877 0 1
Net 4
513 1 1
738 1 1
912 1 1
Net 3
62 0 1
366 1 0
Net 4
1125 0 1
103 0 0
Net 2
60 1 0
771 0 0
122 1 1
99 1 1
Net 3
561 0 1
418 0 1
612 1 0
Net 2
163 1 1
799 0 0
12 1 1
783 0 1
Net 2
688 0 0
725 0 0
439 0 1
9 0 0
Net 3
1117 0 1
80 0 0
31 1 0
43 0 1
Net 3
168 1 1
9 1 0
1086 1 0
325 1 1
Net 4
576 1 0
493 0 1
Net 2
1197 1 0
239 0 0
301 0 1
Net 2
194 0 1
58 1 1
418 0 0
Net 1
438 0 0
396 1 1
Net 4
1152 1 0
312 0 0
1194 1 0
Net 2
23 0 1
236 0 0
Net 4
604 0 1
638 0 1
1132 1 0
351 0 0
Net 4
770 1 1
497 0 0
2 1 0
25 1 1
Net 2
1183 1 0
588 1 0
378 1 1
Net 3
1139 0 1
287 1 0
Net 2
599 0 1
833 0 0
921 1 0
847 1 0
Net 3
559 0 1
91 0 0
Net 1
203 1 1
876 0 0
274 1 1
Net 2
82 0 0
73 1 0
831 0 1
Net 4
327 0 1
602 1 0
1068 2 2
Net 4
1020 0 2
866 1 1
950 0 1
1032 2 2
Net 2
1126 2 2
173 1 1
Net 1
1003 2 1
683 0 1
Net 3
759 0 1
1137 2 1
Net 4
73 0 1
482 0 0
270 0 1
Net 1
876 0 1
154 1 1
24 0 0
Net 1
842 1 0
991 1 0
666 0 1
740 0 0
Net 3
1072 2 2
421 0 1
Net 3
816 0 1
638 0 1
Net 3
477 0 0
503 1 1
Net 3
713 1 0
1143 0 2
Net 3
248 0 1
328 1 1
69 1 1
472 1 1
Net 3
332 1 1
1056 2 1
1121 2 2
634 0 1
Net 2
389 0 0
989 0 1
117 1 0
Net 3
625 1 0
837 1 1
321 0 1
Net 2
846 0 0
705 0 0
290 1 1
1031 1 0
Net 1
1153 2 0
500 0 1
Net 2
1083 1 0
1110 2 0
587 0 0
Net 2
1132 0 0
1165 0 2
896 1 1
626 1 1
Net 1
481 0 1
58 1 0
1141 1 2
Net 1
344 1 0
716 1 0
Net 2
345 0 0
209 0 1
806 1 1
Net 2
180 1 1
585 1 0
581 1 0
505 1 0
Net 2
382 0 1
828 1 1
1173 1 1
Net 3
786 1 0
341 0 1
Net 2
270 0 1
337 1 0
827 0 1
281 0 1
Net 4
83 0 1
850 1 0
Net 2
423 1 1
116 1 1
333 0 1
Net 1
196 1 0
1190 2 2
659 0 1
Net 3
1079 1 0
766 1 1
Net 3
391 1 0
1188 0 1
1115 2 2
988 1 0
Net 1
89 0 0
158 1 0
373 0 0
Net 1
1173 1 1
908 0 1
Net 4
565 1 1
978 1 0
Net 3
741 0 0
505 1 0
Net 2
96 0 0
332 0 0
749 1 0
Net 3
988 0 1
1010 1 2
Net 2
124 1 0
619 0 0
603 1 0
562 0 1
Net 3
520 0 0
782 1 0
863 0 0
1003 0 2
Net 2
848 0 1
124 1 1
1096 1 0
Net 4
186 1 1
551 1 1
223 1 0
Net 3
638 1 1
340 0 1
Net 4
140 0 0
172 0 0
573 0 1
Net 4
250 1 1
399 1 1
Net 3
646 0 0
7 0 1
266 0 0
879 0 0
Net 1
706 0 0
944 1 1
572 1 1
Net 3
436 1 1
565 1 0
Net 1
334 1 0
106 0 1
Net 3
1155 0 0
1153 2 2
647 1 1
1086 1 2
Net 2
474 0 0
1066 1 0
250 1 1
936 1 0
Net 3
57 0 0
364 0 0
669 1 1
Net 1
192 1 1
348 0 0
Net 4
740 1 0
585 1 1
839 1 0
719 0 1
Net 1
896 0 1
200 1 0
Net 2
976 0 0
469 0 1
Net 4
543 1 0
941 0 1
Net 4
325 1 0
1051 2 2
977 1 0
640 1 1
Net 3
909 0 0
149 1 1
Net 3
556 0 1
1107 1 2
900 0 1
Net 2
4 0 1
70 0 0
Net 2
1069 2 2
499 1 1
316 1 1
867 1 1
Net 4
555 0 1
857 1 1
226 0 1
Net 3
302 1 1
230 0 1
99 0 0
Net 4
694 1 1
889 0 0
Net 3
1044 0 1
391 0 1
1068 2 2
Net 1
484 0 0
783 1 0
Net 2
77 1 1
1181 2 2
852 0 0
Net 1
46 0 0
342 1 1
1173 1 2
Net 1
945 1 0
646 0 1
84 1 0
161 1 1
Net 3
210 0 1
1146 2 1
1192 1 0
Net 3
777 1 1
627 0 1
Net 2
97 1 1
809 1 1
1145 1 1
8 1 0
Net 3
543 1 1
533 1 0
Net 3
23 1 1
434 1 1
193 0 0
Net 4
130 0 0
613 1 1
Net 2
275 1 0
341 1 1
662 0 0
486 0 0
Net 3
1174 0 2
461 0 1
1078 2 1
Net 1
1094 1 2
954 0 1
29 1 1
722 0 0
Net 1
83 0 1
745 0 1
719 1 0
333 1 1
Net 4
1003 1 2
50 0 1
1004 1 0
185 1 0
Net 4
802 1 1
37 1 0
Net 4
798 0 1
868 1 0
716 0 0
871 1 1
Net 2
862 1 1
172 0 1
6 1 1
Net 2
268 0 0
412 1 0
10 0 1
Net 4
513 1 0
319 0 1
562 0 1
576 1 0
Net 1
767 1 1
562 0 0
830 0 0
395 0 0
Net 2
999 0 1
312 1 1
983 0 1
Net 2
1090 2 2
1094 1 2
Net 3
473 0 0
399 1 1
1107 1 1
947 1 1
Net 3
198 0 1
904 1 1
217 0 1
107 1 1
Net 2
234 1 1
1059 1 2
610 1 0
869 1 1
Net 1
1070 1 1
69 0 0
125 1 1
Net 3
657 1 0
332 0 1
Net 3
612 0 0
401 0 1
718 0 0
Net 2
250 0 1
775 1 1
Net 4
1087 2 2
302 1 1
137 1 1
Net 1
101 0 0
767 1 0
Net 1
784 0 1
59 1 1
200 0 0
Net 2
400 0 1
1176 0 0
353 0 0
684 0 0
Net 3
672 1 1
399 0 1
1183 0 2
394 1 1
Net 3
733 0 0
285 0 0
Net 2
349 0 1
1027 2 1
114 0 1
Net 3
481 1 0
270 1 0
180 1 0
99 0 1
Net 1
364 1 0
772 0 0
Net 2
69 0 0
917 0 1
Net 1
1029 2 2
221 1 1
881 1 1
Net 4
853 1 0
1135 2 0
141 1 1
Net 4
285 1 0
184 0 1
471 0 0
Net 1
1146 1 1
614 0 1
Net 2
909 0 1
596 1 0
903 0 1
893 0 1
Net 3
11 0 1
658 1 1
Net 3
347 1 0
751 1 1
Net 3
11 1 0
120 1 1
Net 1
1057 2 2
71 0 0
Net 3
809 1 0
946 1 0
888 0 1
854 1 0
Net 4
486 0 1
568 0 0
43 0 1
253 1 1
Net 1
804 1 1
765 0 1
511 1 1
Net 4
79 0 1
1141 0 2
Net 1
876 0 0
654 0 1
352 1 0
Net 2
850 1 0
995 0 1
8 0 0
899 1 0
Net 3
950 0 1
215 0 1
1091 1 1
545 0 0
Net 2
159 1 1
1009 2 2
1156 2 0
Net 1
587 1 0
1015 0 1
765 0 1
980 0 0
Net 4
35 1 1
432 0 0
591 1 1
752 0 1
Net 1
857 0 0
596 1 0
412 1 0
Net 2
181 0 1
1141 1 2
Net 2
927 1 1
371 0 0
303 0 0
Net 3
1013 2 0
267 0 1
Net 1
333 0 1
952 0 1
450 1 1
Net 3
759 1 1
384 0 1
195 1 1
Net 4
1035 1 0
279 0 1
419 0 1
752 1 0
Net 1
550 0 0
255 0 1
Net 3
642 1 0
154 0 1
921 1 1
Net 2
1116 2 2
957 1 1
778 1 0
908 0 1
Net 3
1110 2 0
345 0 0
987 1 0
Net 2
20 1 0
863 0 1
779 0 0
536 0 1
Net 3
606 0 1
1079 0 0
141 0 1
838 0 1
Net 3
756 1 0
776 0 1
Net 4
550 0 1
86 0 1
537 0 0
1143 2 2
Net 4
60 0 0
805 1 0
1082 2 2
638 0 0
Net 3
409 1 1
959 1 0
Net 2
1139 1 0
174 0 0
608 1 1
Net 1
985 1 1
18 1 0
980 0 0
Net 1
537 0 0
151 1 1
Net 4
727 1 0
284 1 0
540 1 0
Net 1
740 1 0
1081 0 1
Net 4
723 1 0
388 1 0
Net 3
835 1 1
618 0 0
1136 1 2
989 1 0
Net 4
619 1 1
1033 1 0
1107 0 1
Net 3
1156 0 1
710 0 1
Net 2
687 0 0
699 0 1
1065 1 1
Net 4
1052 0 1
869 0 1
226 1 0
Net 3
1031 1 2
802 0 1
1160 1 2
999 1 1
Net 3
17 1 1
774 1 0
Net 3
615 0 0
679 0 0
677 0 0
Net 1
968 1 0
373 1 1
718 0 1
Net 3
547 1 0
678 1 1
154 1 1
Net 3
183 1 1
937 0 1
Net 2
959 0 0
569 1 1
Net 2
351 0 0
223 1 1
Net 4
932 0 0
343 1 0
755 1 1
Net 1
491 0 0
230 1 0
784 1 1
Net 2
521 0 0
913 0 1
Net 1
42 0 0
780 0 1
Net 1
492 1 1
381 1 1
Net 4
791 1 0
1038 1 0
Net 3
1090 2 0
530 1 0
1133 1 2
659 0 0
Net 2
1153 0 2
1149 0 0
1062 2 0
Net 2
564 1 1
742 1 1
632 1 0
314 0 0
Net 4
809 1 0
263 0 0
217 1 0
Net 3
1031 2 1
1132 0 2
496 1 1
38 1 0
Net 3
612 0 1
511 0 1
120 1 1
735 1 1
Net 1
1032 1 1
15 1 0
1147 2 0
Net 1
793 0 1
825 1 0
589 1 1
